1 0.017 0.0000
2 0.033 0.0000
3 0.050 0.0000
4 0.067 0.0000
5 0.083 0.0000
6 0.100 0.0000
7 0.117 0.0000
8 0.133 0.0000
9 0.150 0.0000
10 0.167 0.0000
11 0.183 0.0000
12 0.200 0.0000
13 0.217 0.0000
14 0.233 0.0000
15 0.250 0.0000
16 0.267 0.0000
17 0.283 0.0000
18 0.300 0.0000
19 0.317 0.0000
20 0.333 0.0006
21 0.350 0.0117
22 0.367 0.0265
23 0.383 0.1147
24 0.400 0.2410
25 0.417 0.3219
26 0.433 0.3464
27 0.450 0.3629
28 0.467 0.4176
29 0.483 0.4170
30 0.500 0.3723
31 0.517 0.3394
32 0.533 0.2796
33 0.550 0.2818
34 0.567 0.2545
35 0.583 0.2336
36 0.600 0.2561
37 0.617 0.1865
38 0.633 0.2197
39 0.650 0.2903
40 0.667 0.2184
41 0.683 0.2453
42 0.700 0.3232
43 0.717 0.2553
44 0.733 0.3671
45 0.750 0.2651
46 0.767 0.3142
47 0.783 0.3467
48 0.800 0.3210
49 0.817 0.4267
50 0.833 0.3412
51 0.850 0.4371
52 0.867 0.3087
53 0.883 0.4170
54 0.900 0.2874
55 0.917 0.2686
56 0.933 0.3577
57 0.950 0.2306
58 0.967 0.2031
59 0.983 0.3275
60 1.000 0.1936
61 1.017 0.1742
62 1.033 0.2618
63 1.050 0.1780
64 1.067 0.1578
65 1.083 0.1441
66 1.100 0.1251
67 1.117 0.2821
68 1.133 0.1224
69 1.150 0.1128
70 1.167 0.1057
71 1.183 0.1109
72 1.200 0.1182
73 1.217 0.1570
74 1.233 0.3300
75 1.250 0.2667
76 1.267 0.3425
77 1.283 0.3498
78 1.300 0.3497
79 1.317 0.3683
80 1.333 0.3425
81 1.350 0.3055
82 1.367 0.2135
83 1.383 0.1937
84 1.400 0.1709
85 1.417 0.0481
86 1.433 0.1683
87 1.450 0.0296
88 1.467 0.0293
89 1.483 0.0226
90 1.500 0.0114
91 1.517 0.0162
92 1.533 0.0138
93 1.550 0.0186
94 1.567 0.0156
95 1.583 0.0256
96 1.600 0.0413
97 1.617 0.0638
98 1.633 0.0822
99 1.650 0.0885
100 1.667 0.0824
101 1.683 0.0831
102 1.700 0.0842
103 1.717 0.0666
104 1.733 0.0478
105 1.750 0.0301
106 1.767 0.0163
107 1.783 0.0157
108 1.800 0.0150
109 1.817 0.0149
110 1.833 0.0148
111 1.850 0.0139
112 1.867 0.0134
113 1.883 0.0131
114 1.900 0.0126
115 1.917 0.0124
116 1.933 0.0116
117 1.950 0.0116
118 1.967 0.0147
119 1.983 0.0240
120 2.000 0.0385
121 2.017 0.0585
122 2.033 0.0723
123 2.050 0.0706
124 2.067 0.0778
125 2.083 0.0737
126 2.100 0.0625
127 2.117 0.0450
128 2.133 0.0302
129 2.150 0.0168
130 2.167 0.0072
131 2.183 0.0068
132 2.200 0.0104
133 2.217 0.0140
134 2.233 0.0212
135 2.250 0.0382
136 2.267 0.0474
137 2.283 0.0487
138 2.300 0.0527
139 2.317 0.0508
140 2.333 0.0468
141 2.350 0.0434
142 2.367 0.0419
143 2.383 0.0314
144 2.400 0.0411
145 2.417 0.0569
146 2.433 0.0578
147 2.450 0.0853
148 2.467 0.0654
149 2.483 0.0653
150 2.500 0.0706
151 2.517 0.0565
152 2.533 0.0346
153 2.550 0.0159
154 2.567 0.0020
155 2.583 0.0018
156 2.600 0.0013
157 2.617 0.0016
158 2.633 0.0012
159 2.650 0.0011
160 2.667 0.0009
161 2.683 0.0011
162 2.700 0.0009
163 2.717 0.0006
164 2.733 0.0004
165 2.750 0.0009
166 2.767 0.0067
167 2.783 0.0247
168 2.800 0.0512
169 2.817 0.0910
170 2.833 0.1213
171 2.850 0.1284
172 2.867 0.1230
173 2.883 0.1159
174 2.900 0.1085
175 2.917 0.0805
176 2.933 0.0462
177 2.950 0.0194
178 2.967 0.0002
179 2.983 0.0000
180 3.000 0.0000
181 3.017 0.0002
182 3.033 0.0040
183 3.050 0.0046
184 3.067 0.0051
185 3.083 0.0059
186 3.100 0.0070
187 3.117 0.0092
188 3.133 0.0184
189 3.150 0.0309
190 3.167 0.0491
191 3.183 0.0635
192 3.200 0.0687
193 3.217 0.0655
194 3.233 0.0616
195 3.250 0.0550
196 3.267 0.0444
197 3.283 0.0323
198 3.300 0.0218
199 3.317 0.0111
200 3.333 0.0138
201 3.350 0.0123
202 3.367 0.0143
203 3.383 0.0146
204 3.400 0.0132
205 3.417 0.0134
206 3.433 0.0154
207 3.450 0.0152
208 3.467 0.0156
209 3.483 0.0152
210 3.500 0.0168
211 3.517 0.0166
212 3.533 0.0168
213 3.550 0.0164
214 3.567 0.0181
215 3.583 0.0241
216 3.600 0.0393
217 3.617 0.1127
218 3.633 0.2091
219 3.650 0.2511
220 3.667 0.2885
221 3.683 0.3148
222 3.700 0.3555
223 3.717 0.3028
224 3.733 0.2405
225 3.750 0.2035
226 3.767 0.1768
227 3.783 0.0974
228 3.800 0.0855
229 3.817 0.0260
230 3.833 0.0243
231 3.850 0.0254
232 3.867 0.0234
233 3.883 0.0256
234 3.900 0.0252
235 3.917 0.0262
236 3.933 0.0256
237 3.950 0.0263
238 3.967 0.0265
239 3.983 0.0260
240 4.000 0.0303
241 4.017 0.0280
242 4.033 0.0307
243 4.050 0.0291
244 4.067 0.0281
245 4.083 0.0454
246 4.100 0.0454
247 4.117 0.0691
248 4.133 0.0892
249 4.150 0.0961
250 4.167 0.1418
251 4.183 0.1022
252 4.200 0.1010
253 4.217 0.0934
254 4.233 0.0770
255 4.250 0.0586
256 4.267 0.0397
257 4.283 0.0341
258 4.300 0.0359
259 4.317 0.0381
260 4.333 0.0331
261 4.350 0.0351
262 4.367 0.0333
263 4.383 0.0368
264 4.400 0.0346
265 4.417 0.0409
266 4.433 0.0360
267 4.450 0.0397
268 4.467 0.0374
269 4.483 0.0393
270 4.500 0.0377
271 4.517 0.0378
272 4.533 0.0398
273 4.550 0.0396
274 4.567 0.0558
275 4.583 0.0588
276 4.600 0.0873
277 4.617 0.1075
278 4.633 0.1159
279 4.650 0.1263
280 4.667 0.1266
281 4.683 0.1246
282 4.700 0.1083
283 4.717 0.0914
284 4.733 0.0725
285 4.750 0.0574
286 4.767 0.0512
287 4.783 0.0442
288 4.800 0.0507
289 4.817 0.0419
290 4.833 0.0438
291 4.850 0.0431
292 4.867 0.0481
293 4.883 0.0447
294 4.900 0.0486
295 4.917 0.0478
296 4.933 0.0397
297 4.950 0.0514
298 4.967 0.0440
299 4.983 0.0483
300 5.000 0.0485
301 5.017 0.0354
302 5.033 0.0531
303 5.050 0.0564
304 5.067 0.0659
305 5.083 0.0835
306 5.100 0.0899
307 5.117 0.1109
308 5.133 0.1080
309 5.150 0.1044
310 5.167 0.1106
311 5.183 0.1086
312 5.200 0.0803
313 5.217 0.0650
314 5.233 0.0479
315 5.250 0.0468
316 5.267 0.0483
317 5.283 0.0458
318 5.300 0.0478
319 5.317 0.0449
320 5.333 0.0472
321 5.350 0.0451
322 5.367 0.0469
323 5.383 0.0396
324 5.400 0.0650
325 5.417 0.0470
326 5.433 0.0448
327 5.450 0.0464
328 5.467 0.0448
329 5.483 0.0461
330 5.500 0.0536
331 5.517 0.0491
332 5.533 0.0710
333 5.550 0.0914
334 5.567 0.1223
335 5.583 0.1767
336 5.600 0.1640
337 5.617 0.1909
338 5.633 0.1882
339 5.650 0.1784
340 5.667 0.1360
341 5.683 0.1024
342 5.700 0.0667
343 5.717 0.0425
344 5.733 0.0432
345 5.750 0.0408
346 5.767 0.0425
347 5.783 0.0437
348 5.800 0.0408
349 5.817 0.0393
350 5.833 0.0418
351 5.850 0.0296
352 5.867 0.0594
353 5.883 0.0355
354 5.900 0.0502
355 5.917 0.0409
356 5.933 0.0402
357 5.950 0.0459
358 5.967 0.0412
359 5.983 0.0454
360 6.000 0.0421
361 6.017 0.0186
362 6.033 0.1165
363 6.050 0.0833
364 6.067 0.0698
365 6.083 0.1163
366 6.100 0.1058
367 6.117 0.1073
368 6.133 0.1668
369 6.150 0.1077
370 6.167 0.1174
371 6.183 0.1106
372 6.200 0.0758
373 6.217 0.0923
374 6.233 0.1473
375 6.250 0.0161
376 6.267 0.0765
377 6.283 0.0669
378 6.300 0.0960
379 6.317 0.1401
380 6.333 0.1258
381 6.350 0.1154
382 6.367 0.1325
383 6.383 0.1484
384 6.400 0.1479
385 6.417 0.1315
386 6.433 0.1202
387 6.450 0.1556
388 6.467 0.0663
389 6.483 0.0475
390 6.500 0.0608
391 6.517 0.0517
392 6.533 0.0372
393 6.550 0.0704
394 6.567 0.0610
395 6.583 0.0976
396 6.600 0.0872
397 6.617 0.0838
398 6.633 0.0954
399 6.650 0.0919
400 6.667 0.0900
401 6.683 0.0740
402 6.700 0.0696
403 6.717 0.0625
404 6.733 0.0515
405 6.750 0.0603
406 6.767 0.0388
407 6.783 0.0376
408 6.800 0.0285
409 6.817 0.0562
410 6.833 0.0360
411 6.850 0.0480
412 6.867 0.0413
413 6.883 0.0404
414 6.900 0.0472
415 6.917 0.0392
416 6.933 0.0465
417 6.950 0.0438
418 6.967 0.0434
419 6.983 0.0431
420 7.000 0.0451
421 7.017 0.0410
422 7.033 0.0457
423 7.050 0.0518
424 7.067 0.0464
425 7.083 0.0615
426 7.100 0.0808
427 7.117 0.0728
428 7.133 0.0995
429 7.150 0.2567
430 7.167 0.1864
431 7.183 0.1706
432 7.200 0.1931
433 7.217 0.2676
434 7.233 0.2254
435 7.250 0.2615
436 7.267 0.4206
437 7.283 0.6181
438 7.300 0.8251
439 7.317 1.0265
440 7.333 1.4566
441 7.350 1.4706
442 7.367 1.7174
443 7.383 2.0792
444 7.400 2.1613
445 7.417 2.2996
446 7.433 2.7121
447 7.450 2.4632
448 7.467 2.7416
449 7.483 3.0595
450 7.500 3.0662
451 7.517 3.0168
452 7.533 3.1804
453 7.550 3.7295
454 7.567 3.4235
455 7.583 3.5259
456 7.600 4.2148
457 7.617 3.8141
458 7.633 4.0841
459 7.650 4.5406
460 7.667 4.4174
461 7.683 4.5911
462 7.700 4.4159
463 7.717 4.9973
464 7.733 4.4576
465 7.750 4.5729
466 7.767 5.0057
467 7.783 4.3238
468 7.800 4.6061
469 7.817 4.5006
470 7.833 4.5891
471 7.850 4.2985
472 7.867 4.1147
473 7.883 4.0539
474 7.900 4.2031
475 7.917 4.2131
476 7.933 4.2229
477 7.950 4.3487
478 7.967 4.4985
479 7.983 4.4976
480 8.000 4.5923
481 8.017 4.4581
482 8.033 3.6408
483 8.050 3.6549
484 8.067 3.7001
485 8.083 3.8813
486 8.100 3.9094
487 8.117 3.9835
488 8.133 4.0165
489 8.150 4.1051
490 8.167 4.1055
491 8.183 4.2269
492 8.200 4.2938
493 8.217 4.3622
494 8.233 4.4999
495 8.250 4.5954
496 8.267 4.6602
497 8.283 4.8405
498 8.300 5.0493
499 8.317 5.0122
500 8.333 5.1428
501 8.350 5.2946
502 8.367 5.3265
503 8.383 5.5429
504 8.400 5.5650
505 8.417 5.6696
506 8.433 5.7885
507 8.450 5.7395
508 8.467 5.8628
509 8.483 5.8233
510 8.500 5.7715
511 8.517 5.7565
512 8.533 5.8110
513 8.550 5.7961
514 8.567 5.7638
515 8.583 5.7594
516 8.600 5.6619
517 8.617 5.6617
518 8.633 5.7421
519 8.650 5.7695
520 8.667 5.7706
521 8.683 5.7160
522 8.700 5.7109
523 8.717 5.7264
524 8.733 5.7405
525 8.750 5.7537
526 8.767 5.6709
527 8.783 5.6391
528 8.800 5.7405
529 8.817 5.6158
530 8.833 5.6612
531 8.850 5.4832
532 8.867 5.4873
533 8.883 5.2738
534 8.900 5.1387
535 8.917 4.9840
536 8.933 4.7004
537 8.950 4.5936
538 8.967 4.2959
539 8.983 3.8820
540 9.000 3.7716
541 9.017 3.4260
542 9.033 3.3534
543 9.050 3.2722
544 9.067 3.1431
545 9.083 3.1778
546 9.100 3.1508
547 9.117 3.1078
548 9.133 3.0164
549 9.150 2.9423
550 9.167 3.0332
551 9.183 3.0324
552 9.200 3.0277
553 9.217 2.9706
554 9.233 2.8457
555 9.250 2.6809
556 9.267 2.8019
557 9.283 2.7192
558 9.300 2.6835
559 9.317 2.5415
560 9.333 2.5574
561 9.350 2.4711
562 9.367 2.2461
563 9.383 2.2576
564 9.400 2.2825
565 9.417 2.1669
566 9.433 2.1030
567 9.450 1.8350
568 9.467 1.9188
569 9.483 1.7019
570 9.500 1.7219
571 9.517 1.6880
572 9.533 1.5104
573 9.550 1.3657
574 9.567 1.3468
575 9.583 1.1962
576 9.600 1.1709
577 9.617 1.1126
578 9.633 1.0293
579 9.650 0.9283
580 9.667 0.9567
581 9.683 0.9176
582 9.700 1.0203
583 9.717 0.9864
584 9.733 1.0132
585 9.750 1.0083
586 9.767 0.9575
587 9.783 0.9134
588 9.800 0.8257
589 9.817 0.6101
590 9.833 0.5618
591 9.850 0.4629
592 9.867 0.3697
593 9.883 0.2862
594 9.900 0.2333
595 9.917 0.2585
596 9.933 0.1762
597 9.950 0.1951
598 9.967 0.1194
599 9.983 0.1340
600 10.000 0.2143
601 10.017 0.2772
602 10.033 0.3923
603 10.050 0.5351
604 10.067 0.6106
605 10.083 0.7248
606 10.100 0.8030
607 10.117 0.8565
608 10.133 0.8559
609 10.150 1.0307
610 10.167 1.0054
611 10.183 1.0112
612 10.200 0.9014
613 10.217 0.8425
614 10.233 0.7246
615 10.250 0.7540
616 10.267 0.7127
617 10.283 0.7468
618 10.300 0.6599
619 10.317 0.7163
620 10.333 0.7144
621 10.350 0.7841
622 10.367 0.7427
623 10.383 0.7849
624 10.400 0.6710
625 10.417 0.6445
626 10.433 0.6046
627 10.450 0.7018
628 10.467 0.7367
629 10.483 0.8539
630 10.500 0.8349
631 10.517 0.9023
632 10.533 0.8402
633 10.550 0.8478
634 10.567 0.7832
635 10.583 0.6796
636 10.600 0.4585
637 10.617 0.3212
638 10.633 0.1795
639 10.650 0.1609
640 10.667 0.1008
641 10.683 0.0075
642 10.700 0.0083
643 10.717 0.0015
644 10.733 0.0037
645 10.750 0.0036
646 10.767 0.0011
647 10.783 0.0044
648 10.800 0.0036
649 10.817 0.0001
650 10.833 0.0008
651 10.850 0.0009
652 10.867 0.0001
653 10.883 0.0001
654 10.900 0.0008
655 10.917 0.0009
656 10.933 0.0035
657 10.950 0.0061
658 10.967 0.0063
659 10.983 0.0075
660 11.000 0.0080
661 11.017 0.0092
662 11.033 0.0118
663 11.050 0.0146
664 11.067 0.0160
665 11.083 0.0170
666 11.100 0.0190
667 11.117 0.0209
668 11.133 0.0235
669 11.150 0.0259
670 11.167 0.0301
671 11.183 0.0337
672 11.200 0.0360
673 11.217 0.0393
674 11.233 0.0353
675 11.250 0.0233
676 11.267 0.0456
677 11.283 0.0481
678 11.300 0.0527
679 11.317 0.0568
680 11.333 0.0537
681 11.350 0.0500
682 11.367 0.0251
683 11.383 0.0327
684 11.400 0.0365
685 11.417 0.0333
686 11.433 0.0303
687 11.450 0.0313
688 11.467 0.0369
689 11.483 0.0603
690 11.500 0.1164
691 11.517 0.1483
692 11.533 0.1627
693 11.550 0.1929
694 11.567 0.2018
695 11.583 0.1555
696 11.600 0.1362
697 11.617 0.1137
698 11.633 0.0308
699 11.650 0.0950
700 11.667 0.0053
701 11.683 0.0036
702 11.700 0.0008
703 11.717 0.0007
704 11.733 0.0001
705 11.750 0.0001
706 11.767 0.0007
707 11.783 0.0008
708 11.800 0.0002
709 11.817 0.0001
710 11.833 0.0007
711 11.850 0.0007
712 11.867 0.0001
713 11.883 0.0001
714 11.900 0.0007
715 11.917 0.0007
716 11.933 0.0001
717 11.950 0.0001
718 11.967 0.0007
719 11.983 0.0007
720 12.000 0.0001
721 12.017 0.0002
722 12.033 0.0013
723 12.050 0.0021
724 12.067 0.0033
725 12.083 0.0046
726 12.100 0.0057
727 12.117 0.0034
728 12.133 0.0109
729 12.150 0.0072
730 12.167 0.0100
731 12.183 0.0146
732 12.200 0.0169
733 12.217 0.0177
734 12.233 0.0212
735 12.250 0.0261
736 12.267 0.0292
737 12.283 0.0310
738 12.300 0.0271
739 12.317 0.0262
740 12.333 0.0228
741 12.350 0.0186
742 12.367 0.0173
743 12.383 0.0134
744 12.400 0.0094
745 12.417 0.0065
746 12.433 0.0114
747 12.450 0.0038
748 12.467 0.0046
749 12.483 0.0061
750 12.500 0.1914
751 12.517 0.0107
752 12.533 0.0033
753 12.550 0.0070
754 12.567 0.0168
755 12.583 0.0328
756 12.600 0.0581
757 12.617 0.0948
758 12.633 0.1272
759 12.650 0.1541
760 12.667 0.1729
761 12.683 0.1742
762 12.700 0.1547
763 12.717 0.1321
764 12.733 0.1059
765 12.750 0.0738
766 12.767 0.0470
767 12.783 0.0236
768 12.800 0.0000
769 12.817 0.0171
770 12.833 0.0222
771 12.850 0.0301
772 12.867 0.0311
773 12.883 0.0312
774 12.900 0.0271
775 12.917 0.0362
776 12.933 0.0213
777 12.950 0.0151
778 12.967 0.1227
779 12.983 0.1117
780 13.000 0.1065
781 13.017 0.1033
782 13.033 0.1056
783 13.050 0.0944
784 13.067 0.0875
785 13.083 0.1160
786 13.100 0.0487
787 13.117 0.0303
788 13.133 0.0093
789 13.150 0.0307
790 13.167 0.0510
791 13.183 0.1155
792 13.200 0.0899
793 13.217 0.1074
794 13.233 0.1235
795 13.250 0.1308
796 13.267 0.1374
797 13.283 0.1388
798 13.300 0.1468
799 13.317 0.0051
800 13.333 0.0000
801 13.350 0.0024
802 13.367 0.0024
803 13.383 0.0000
804 13.400 0.0000
805 13.417 0.0000
806 13.433 0.0000
807 13.450 0.0000
808 13.467 0.0000
809 13.483 0.0000
810 13.500 0.0000
811 13.517 0.0000
812 13.533 0.0000
813 13.550 0.0000
814 13.567 0.0000
815 13.583 0.0000
816 13.600 0.0000
817 13.617 0.0000
818 13.633 0.0000
819 13.650 0.0000
820 13.667 0.0000
821 13.683 0.0000
822 13.700 0.0000
823 13.717 0.0000
824 13.733 0.0000
825 13.750 0.0000
826 13.767 0.0000
827 13.783 0.0000
828 13.800 0.0000
829 13.817 0.0000
830 13.833 0.0000
831 13.850 0.0000
832 13.867 0.0000
833 13.883 0.0000
834 13.900 0.0000
835 13.917 0.0005
836 13.933 0.0021
837 13.950 0.0060
838 13.967 0.0129
839 13.983 0.0490
840 14.000 0.0994
841 14.017 0.1553
842 14.033 0.2344
843 14.050 0.2760
844 14.067 0.3171
845 14.083 0.3156
846 14.100 0.2695
847 14.117 0.2362
848 14.133 0.2099
849 14.150 0.1942
850 14.167 0.1717
851 14.183 0.1597
852 14.200 0.1367
853 14.217 0.1085
854 14.233 0.0903
855 14.250 0.0573
856 14.267 0.1061
857 14.283 0.0882
858 14.300 0.1678
859 14.317 0.1694
860 14.333 0.2612
861 14.350 0.3033
862 14.367 0.3770
863 14.383 0.4314
864 14.400 0.5481
865 14.417 0.4871
866 14.433 0.5280
867 14.450 0.7460
868 14.467 0.6774
869 14.483 1.0100
870 14.500 1.0989
871 14.517 1.2471
872 14.533 1.2547
873 14.550 1.3169
874 14.567 1.3612
875 14.583 1.4373
876 14.600 1.5307
877 14.617 1.5720
878 14.633 1.5103
879 14.650 1.7761
880 14.667 1.2583
881 14.683 1.2614
882 14.700 1.5935
883 14.717 1.8779
884 14.733 2.8322
885 14.750 2.0241
886 14.767 2.2005
887 14.783 2.6457
888 14.800 3.1193
889 14.817 2.8694
890 14.833 3.0480
891 14.850 3.6019
892 14.867 3.1102
893 14.883 3.7940
894 14.900 3.9830
895 14.917 3.4974
896 14.933 4.3443
897 14.950 3.6382
898 14.967 3.9083
899 14.983 3.8958
900 15.000 4.1883
901 15.017 3.8945
902 15.033 3.7826
903 15.050 4.1338
904 15.067 4.4136
905 15.083 3.4282
906 15.100 3.9559
907 15.117 3.6894
908 15.133 3.5522
909 15.150 3.6777
910 15.167 4.3236
911 15.183 3.1438
912 15.200 3.3065
913 15.217 3.3816
914 15.233 3.6372
915 15.250 3.2015
916 15.267 3.2030
917 15.283 2.9561
918 15.300 2.6228
919 15.317 2.2907
920 15.333 2.3472
921 15.350 2.0167
922 15.367 1.9043
923 15.383 1.6868
924 15.400 1.4037
925 15.417 1.2315
926 15.433 1.0149
927 15.450 0.9062
928 15.467 0.6834
929 15.483 0.6134
930 15.500 0.4906
931 15.517 0.4361
932 15.533 0.3363
933 15.550 0.2826
934 15.567 0.2219
935 15.583 0.1806
936 15.600 0.1740
937 15.617 0.2253
938 15.633 0.3861
939 15.650 0.4839
940 15.667 1.4051
941 15.683 1.4671
942 15.700 1.2633
943 15.717 1.0518
944 15.733 0.9959
945 15.750 1.0210
946 15.767 1.9564
947 15.783 1.9201
948 15.800 1.9221
949 15.817 1.9047
950 15.833 1.9923
951 15.850 2.0490
952 15.867 2.0559
953 15.883 1.7943
954 15.900 1.7526
955 15.917 1.4804
956 15.933 1.4356
957 15.950 1.3494
958 15.967 1.4277
959 15.983 1.5330
960 16.000 1.6861
961 16.017 1.3789
962 16.033 1.4187
963 16.050 1.3190
964 16.067 1.4404
965 16.083 1.4423
966 16.100 1.2780
967 16.117 1.4856
968 16.133 1.3834
969 16.150 1.7127
970 16.167 1.6863
971 16.183 1.6929
972 16.200 1.3757
973 16.217 1.3342
974 16.233 1.3789
975 16.250 1.4706
976 16.267 1.5850
977 16.283 1.4723
978 16.300 1.4537
979 16.317 1.2959
980 16.333 1.5426
981 16.350 1.4850
982 16.367 1.5230
983 16.383 1.2448
984 16.400 1.2669
985 16.417 1.8307
986 16.433 1.9209
987 16.450 2.0717
988 16.467 2.0350
989 16.483 2.1897
990 16.500 2.5419
991 16.517 2.2661
992 16.533 2.3059
993 16.550 2.7169
994 16.567 2.6338
995 16.583 2.7706
996 16.600 2.8466
997 16.617 2.8444
998 16.633 3.0345
999 16.650 2.7100
1000 16.667 2.7370
1001 16.683 2.6385
1002 16.700 2.7883
1003 16.717 2.4515
1004 16.733 2.3669
1005 16.750 2.3626
1006 16.767 2.2835
1007 16.783 1.8833
1008 16.800 2.4273
1009 16.817 1.8814
1010 16.833 1.7021
1011 16.850 1.9372
1012 16.867 2.1553
1013 16.883 1.5974
1014 16.900 1.4944
1015 16.917 1.4124
1016 16.933 1.4662
1017 16.950 1.6622
1018 16.967 1.1456
1019 16.983 1.1259
1020 17.000 0.9502
1021 17.017 0.8423
1022 17.033 1.1624
1023 17.050 0.8735
1024 17.067 1.0068
1025 17.083 0.5397
1026 17.100 0.6677
1027 17.117 0.5923
1028 17.133 0.5183
1029 17.150 0.6091
1030 17.167 0.6530
1031 17.183 0.5118
1032 17.200 0.3155
1033 17.217 0.6038
1034 17.233 0.3482
1035 17.250 0.4339
1036 17.267 0.3824
1037 17.283 0.5252
1038 17.300 0.4058
1039 17.317 0.3971
1040 17.333 0.2369
1041 17.350 0.1887
1042 17.367 0.1550
1043 17.383 0.3164
1044 17.400 0.2748
1045 17.417 0.1498
1046 17.433 0.1399
1047 17.450 0.1360
1048 17.467 0.1383
1049 17.483 0.2402
1050 17.500 0.0936
1051 17.517 0.1931
1052 17.533 0.1340
1053 17.550 0.0990
1054 17.567 0.0884
1055 17.583 0.1026
1056 17.600 0.0955
1057 17.617 0.0971
1058 17.633 0.0974
1059 17.650 0.1009
1060 17.667 0.1056
1061 17.683 0.1082
1062 17.700 0.1303
1063 17.717 0.1141
1064 17.733 0.1247
1065 17.750 0.1182
1066 17.767 0.1275
1067 17.783 0.1189
1068 17.800 0.1331
1069 17.817 0.1173
1070 17.833 0.1204
1071 17.850 0.1156
1072 17.867 0.1335
1073 17.883 0.1180
1074 17.900 0.1059
1075 17.917 0.1052
1076 17.933 0.0978
1077 17.950 0.1072
1078 17.967 0.0834
1079 17.983 0.0994
1080 18.000 0.0743
1081 18.017 0.0886
1082 18.033 0.0732
1083 18.050 0.0706
1084 18.067 0.0716
1085 18.083 0.0812
1086 18.100 0.0769
1087 18.117 0.0734
1088 18.133 0.0766
1089 18.150 0.0694
1090 18.167 0.0738
1091 18.183 0.0597
1092 18.200 0.0696
1093 18.217 0.0491
1094 18.233 0.0449
1095 18.250 0.0407
1096 18.267 0.0526
1097 18.283 0.0399
1098 18.300 0.0415
1099 18.317 0.0324
1100 18.333 0.0297
1101 18.350 0.0382
1102 18.367 0.0216
1103 18.383 0.0316
1104 18.400 0.0128
1105 18.417 0.0238
1106 18.433 0.0051
1107 18.450 0.0054
1108 18.467 0.0002
1109 18.483 0.0106
1110 18.500 0.0015
1111 18.517 0.0000
1112 18.533 0.0002
1113 18.550 0.0147
1114 18.567 0.0059
1115 18.583 0.0006
1116 18.600 0.0080
1117 18.617 0.0016
1118 18.633 0.0250
1119 18.650 0.0171
1120 18.667 0.0388
1121 18.683 0.0334
1122 18.700 0.0531
1123 18.717 0.0391
1124 18.733 0.0441
1125 18.750 0.0514
1126 18.767 0.0614
1127 18.783 0.0496
1128 18.800 0.0555
1129 18.817 0.0584
1130 18.833 0.0477
1131 18.850 0.0464
1132 18.867 0.0515
1133 18.883 0.0464
1134 18.900 0.0486
1135 18.917 0.0567
1136 18.933 0.0531
1137 18.950 0.0526
1138 18.967 0.0497
1139 18.983 0.0501
1140 19.000 0.0483
1141 19.017 0.0410
1142 19.033 0.0333
1143 19.050 0.0230
1144 19.067 0.0195
1145 19.083 0.0040
1146 19.100 0.0097
1147 19.117 0.0015
1148 19.133 0.0000
1149 19.150 0.0001
1150 19.167 0.0013
1151 19.183 0.0014
1152 19.200 0.0000
1153 19.217 0.0001
1154 19.233 0.0013
1155 19.250 0.0013
1156 19.267 0.0000
1157 19.283 0.0001
1158 19.300 0.0013
1159 19.317 0.0013
1160 19.333 0.0000
1161 19.350 0.0001
1162 19.367 0.0013
1163 19.383 0.0013
1164 19.400 0.0000
1165 19.417 0.0001
1166 19.433 0.0013
1167 19.450 0.0013
1168 19.467 0.0000
1169 19.483 0.0001
1170 19.500 0.0013
1171 19.517 0.0013
1172 19.533 0.0001
1173 19.550 0.0002
1174 19.567 0.0013
1175 19.583 0.0013
1176 19.600 0.0000
1177 19.617 0.0001
1178 19.633 0.0012
1179 19.650 0.0012
1180 19.667 0.0000
1181 19.683 0.0001
1182 19.700 0.0012
1183 19.717 0.0013
1184 19.733 0.0000
1185 19.750 0.0001
1186 19.767 0.0013
1187 19.783 0.0013
1188 19.800 0.0000
1189 19.817 0.0001
1190 19.833 0.0013
1191 19.850 0.0013
1192 19.867 0.0000
1193 19.883 0.0001
1194 19.900 0.0012
1195 19.917 0.0013
1196 19.933 0.0000
1197 19.950 0.0001
1198 19.967 0.0012
1199 19.983 0.0016
1200 20.000 0.0098
1201 20.017 0.0298
1202 20.033 0.0544
1203 20.050 0.1045
1204 20.067 0.2041
1205 20.083 0.2806
1206 20.100 0.4186
1207 20.117 0.5695
1208 20.133 0.7623
1209 20.150 0.9442
1210 20.167 1.1387
1211 20.183 1.3778
1212 20.200 1.6030
1213 20.217 1.8891
1214 20.233 2.1333
1215 20.250 2.3424
1216 20.267 2.7797
1217 20.283 2.8382
1218 20.300 2.9908
1219 20.317 3.3529
1220 20.333 3.3244
1221 20.350 3.3552
1222 20.367 3.4577
1223 20.383 3.3729
1224 20.400 3.3959
1225 20.417 3.3642
1226 20.433 3.1046
1227 20.450 2.9055
1228 20.467 2.9778
1229 20.483 2.7825
1230 20.500 2.7967
1231 20.517 2.7100
1232 20.533 2.7254
1233 20.550 2.8164
1234 20.567 2.7937
1235 20.583 2.7228
1236 20.600 2.6054
1237 20.617 4.0979
1238 20.633 5.5929
1239 20.650 6.8051
1240 20.667 7.4739
1241 20.683 8.3059
1242 20.700 8.5083
1243 20.717 8.8664
1244 20.733 9.0057
1245 20.750 9.3821
1246 20.767 9.6526
1247 20.783 9.9458
1248 20.800 10.7360
1249 20.817 10.7007
1250 20.833 11.7763
1251 20.850 12.1322
1252 20.867 13.0200
1253 20.883 13.0091
1254 20.900 12.9688
1255 20.917 12.5213
1256 20.933 11.9423
1257 20.950 11.5044
1258 20.967 11.0458
1259 20.983 10.2324
1260 21.000 9.8459
1261 21.017 9.0433
1262 21.033 8.3922
1263 21.050 7.9418
1264 21.067 6.8065
1265 21.083 6.4747
1266 21.100 5.7170
1267 21.117 5.8746
1268 21.133 5.2937
1269 21.150 4.5840
1270 21.167 4.1086
1271 21.183 3.6282
1272 21.200 3.2379
1273 21.217 2.9066
1274 21.233 2.5347
1275 21.250 2.5037
1276 21.267 2.1519
1277 21.283 2.0691
1278 21.300 1.8014
1279 21.317 1.7887
1280 21.333 1.6255
1281 21.350 1.4969
1282 21.367 1.4980
1283 21.383 1.4232
1284 21.400 1.2211
1285 21.417 1.4235
1286 21.433 1.8373
1287 21.450 1.7951
1288 21.467 2.1644
1289 21.483 2.2934
1290 21.500 2.2438
1291 21.517 2.2041
1292 21.533 2.3076
1293 21.550 2.2648
1294 21.567 2.1349
1295 21.583 2.1675
1296 21.600 2.0165
1297 21.617 1.9215
1298 21.633 1.8455
1299 21.650 1.5897
1300 21.667 1.6191
1301 21.683 1.1499
1302 21.700 0.9069
1303 21.717 0.7449
1304 21.733 0.6123
1305 21.750 0.3096
1306 21.767 0.3922
1307 21.783 0.1285
1308 21.800 0.3537
1309 21.817 0.2806
1310 21.833 0.2631
1311 21.850 0.2226
1312 21.867 0.3068
1313 21.883 0.4326
1314 21.900 0.3089
1315 21.917 0.3314
1316 21.933 0.2445
1317 21.950 0.2698
1318 21.967 0.2642
1319 21.983 0.2645
1320 22.000 0.2632
1321 22.017 0.3321
1322 22.033 0.2926
1323 22.050 0.3868
1324 22.067 0.1898
1325 22.083 0.3212
1326 22.100 0.3626
1327 22.117 0.2470
1328 22.133 0.3301
1329 22.150 0.2545
1330 22.167 0.2163
1331 22.183 0.3689
1332 22.200 0.2148
1333 22.217 0.2039
1334 22.233 0.1426
1335 22.250 0.3320
1336 22.267 0.1216
1337 22.283 0.1200
1338 22.300 0.1165
1339 22.317 0.1148
1340 22.333 0.1122
1341 22.350 0.1088
1342 22.367 0.1076
1343 22.383 0.1051
1344 22.400 0.1019
1345 22.417 0.0999
1346 22.433 0.0991
1347 22.450 0.1018
1348 22.467 0.1051
1349 22.483 0.1068
1350 22.500 0.1127
1351 22.517 0.1233
1352 22.533 0.1511
1353 22.550 0.2043
1354 22.567 0.2405
1355 22.583 0.2695
1356 22.600 0.3091
1357 22.617 1.3131
1358 22.633 1.6559
1359 22.650 1.7803
1360 22.667 2.4181
1361 22.683 2.9275
1362 22.700 2.9524
1363 22.717 3.1497
1364 22.733 2.8337
1365 22.750 3.4226
1366 22.767 3.8262
1367 22.783 4.8113
1368 22.800 4.5526
1369 22.817 4.9585
1370 22.833 5.0071
1371 22.850 4.8887
1372 22.867 5.4083
1373 22.883 4.3431
1374 22.900 4.5434
1375 22.917 4.5301
1376 22.933 4.8315
1377 22.950 5.0911
1378 22.967 5.1793
1379 22.983 5.4526
1380 23.000 5.7466
1381 23.017 6.3539
1382 23.033 6.4371
1383 23.050 6.0757
1384 23.067 5.5064
1385 23.083 5.5014
1386 23.100 5.4095
1387 23.117 5.4518
1388 23.133 5.4020
1389 23.150 5.0930
1390 23.167 4.9734
1391 23.183 4.4807
1392 23.200 4.2615
1393 23.217 4.3464
1394 23.233 3.9984
1395 23.250 3.7836
1396 23.267 3.7676
1397 23.283 3.4840
1398 23.300 3.4461
1399 23.317 3.2004
1400 23.333 3.0500
1401 23.350 3.0091
1402 23.367 2.7455
1403 23.383 2.7252
1404 23.400 2.5490
1405 23.417 2.3291
1406 23.433 2.1448
1407 23.450 1.9974
1408 23.467 1.9515
1409 23.483 1.7027
1410 23.500 1.5262
1411 23.517 1.7316
1412 23.533 1.4930
1413 23.550 1.3948
1414 23.567 1.3995
1415 23.583 1.4695
1416 23.600 1.3503
1417 23.617 1.3676
1418 23.633 0.9401
1419 23.650 1.0145
1420 23.667 0.8588
1421 23.683 0.6300
1422 23.700 0.6360
1423 23.717 0.5200
1424 23.733 0.4897
1425 23.750 0.4662
1426 23.767 0.3874
1427 23.783 0.4280
1428 23.800 0.4055
1429 23.817 0.3067
1430 23.833 0.3817
1431 23.850 0.4332
1432 23.867 0.3809
1433 23.883 0.2913
1434 23.900 0.4626
1435 23.917 0.5923
1436 23.933 0.6163
1437 23.950 0.6213
1438 23.967 0.6026
1439 23.983 0.6795
1440 24.000 0.6764
1441 24.017 0.6722
1442 24.033 0.6608
1443 24.050 0.6542
1444 24.067 0.5918
1445 24.083 0.4861
1446 24.100 0.4923
1447 24.117 0.4399
1448 24.133 0.4312
1449 24.150 0.4805
1450 24.167 0.4183
1451 24.183 0.4595
1452 24.200 0.4782
1453 24.217 0.6787
1454 24.233 0.6738
1455 24.250 0.8160
1456 24.267 0.9333
1457 24.283 1.0425
1458 24.300 0.9285
1459 24.317 0.9377
1460 24.333 0.8714
1461 24.350 0.9046
1462 24.367 0.8338
1463 24.383 0.8712
1464 24.400 0.8252
1465 24.417 0.8261
1466 24.433 0.8850
1467 24.450 0.8806
1468 24.467 0.8837
1469 24.483 0.8870
1470 24.500 0.9088
1471 24.517 1.0461
1472 24.533 1.2152
1473 24.550 1.2611
1474 24.567 1.3452
1475 24.583 1.3794
1476 24.600 1.3619
1477 24.617 1.4243
1478 24.633 3.1041
1479 24.650 5.7248
1480 24.667 7.0655
1481 24.683 7.3852
1482 24.700 7.5406
1483 24.717 7.9602
1484 24.733 7.6886
1485 24.750 7.8665
1486 24.767 7.6860
1487 24.783 7.4590
1488 24.800 7.4403
1489 24.817 6.7502
1490 24.833 7.1010
1491 24.850 6.7408
1492 24.867 6.1542
1493 24.883 5.6026
1494 24.900 5.2189
1495 24.917 4.5356
1496 24.933 5.3269
1497 24.950 6.9435
1498 24.967 6.9999
1499 24.983 7.3552
1500 25.000 7.5859
1501 25.017 7.4909
1502 25.033 7.4678
1503 25.050 7.1159
1504 25.067 7.0563
1505 25.083 7.0825
1506 25.100 6.9584
1507 25.117 6.8213
1508 25.133 6.7609
1509 25.150 6.2338
1510 25.167 5.6507
1511 25.183 5.5339
1512 25.200 4.9110
1513 25.217 4.6227
1514 25.233 5.1436
1515 25.250 6.7651
1516 25.267 6.7922
1517 25.283 7.1296
1518 25.300 7.1882
1519 25.317 6.9155
1520 25.333 6.6798
1521 25.350 6.6166
1522 25.367 6.4993
1523 25.383 6.3929
1524 25.400 6.1206
1525 25.417 5.9237
1526 25.433 5.8805
1527 25.450 5.3253
1528 25.467 4.9692
1529 25.483 4.8479
1530 25.500 4.3203
1531 25.517 3.9269
1532 25.533 4.3342
1533 25.550 5.7121
1534 25.567 5.6804
1535 25.583 5.8836
1536 25.600 5.8621
1537 25.617 5.6599
1538 25.633 5.4719
1539 25.650 5.4292
1540 25.667 5.3473
1541 25.683 5.2521
1542 25.700 5.1381
1543 25.717 5.0844
1544 25.733 5.0656
1545 25.750 4.7112
1546 25.767 4.3914
1547 25.783 4.2442
1548 25.800 3.7530
1549 25.817 3.4455
1550 25.833 3.7542
1551 25.850 4.8555
1552 25.867 4.8124
1553 25.883 5.0231
1554 25.900 4.9674
1555 25.917 4.6840
1556 25.933 4.5397
1557 25.950 4.4335
1558 25.967 4.3540
1559 25.983 4.3810
1560 26.000 4.3920
1561 26.017 4.2663
1562 26.033 4.4126
1563 26.050 4.0305
1564 26.067 3.7846
1565 26.083 3.6454
1566 26.100 3.2689
1567 26.117 3.1213
1568 26.133 3.2973
1569 26.150 4.0188
1570 26.167 3.8942
1571 26.183 4.0841
1572 26.200 4.0751
1573 26.217 3.8294
1574 26.233 3.8256
1575 26.250 3.6461
1576 26.267 3.4886
1577 26.283 3.4872
1578 26.300 3.3822
1579 26.317 3.4564
1580 26.333 3.5861
1581 26.350 3.3465
1582 26.367 3.0759
1583 26.383 3.0717
1584 26.400 2.7281
1585 26.417 2.5580
1586 26.433 2.7257
1587 26.450 3.2226
1588 26.467 2.9616
1589 26.483 3.0977
1590 26.500 3.1784
1591 26.517 2.9850
1592 26.533 2.9528
1593 26.550 2.8808
1594 26.567 2.7464
1595 26.583 2.5611
1596 26.600 2.4463
1597 26.617 2.5409
1598 26.633 2.8053
1599 26.650 2.6179
1600 26.667 2.5207
1601 26.683 2.5370
1602 26.700 2.3010
1603 26.717 2.2304
1604 26.733 2.3386
1605 26.750 2.6027
1606 26.767 2.2794
1607 26.783 2.3181
1608 26.800 2.3970
1609 26.817 2.2750
1610 26.833 2.2161
1611 26.850 2.1767
1612 26.867 2.0832
1613 26.883 1.9370
1614 26.900 1.8760
1615 26.917 1.8641
1616 26.933 1.8628
1617 26.950 1.9489
1618 26.967 1.8788
1619 26.983 1.9533
1620 27.000 1.7913
1621 27.017 1.7498
1622 27.033 1.7996
1623 27.050 1.8011
1624 27.067 1.5464
1625 27.083 1.4828
1626 27.100 1.4529
1627 27.117 1.4050
1628 27.133 1.4346
1629 27.150 1.5015
1630 27.167 1.4287
1631 27.183 1.4616
1632 27.200 1.4052
1633 27.217 1.3662
1634 27.233 1.2886
1635 27.250 1.2411
1636 27.267 1.3829
1637 27.283 1.3155
1638 27.300 1.2614
1639 27.317 1.1399
1640 27.333 1.0549
1641 27.350 0.9841
1642 27.367 0.8149
1643 27.383 0.7200
1644 27.400 0.6627
1645 27.417 0.6260
1646 27.433 0.5597
1647 27.450 0.5336
1648 27.467 0.4746
1649 27.483 0.4276
1650 27.500 0.3975
1651 27.517 0.3576
1652 27.533 0.3350
1653 27.550 0.2993
1654 27.567 0.2701
1655 27.583 0.2524
1656 27.600 0.4324
1657 27.617 4.9310
1658 27.633 5.1446
1659 27.650 4.5653
1660 27.667 4.4593
1661 27.683 4.6823
1662 27.700 4.7405
1663 27.717 4.2766
1664 27.733 4.5683
1665 27.750 4.3908
1666 27.767 4.5542
1667 27.783 4.7003
1668 27.800 4.9081
1669 27.817 4.8752
1670 27.833 4.8441
1671 27.850 4.8222
1672 27.867 4.7869
1673 27.883 4.6144
1674 27.900 4.2374
1675 27.917 3.8363
1676 27.933 3.9944
1677 27.950 4.1506
1678 27.967 4.1594
1679 27.983 3.6425
1680 28.000 2.9482
1681 28.017 1.9686
1682 28.033 1.3109
1683 28.050 0.7410
1684 28.067 0.7304
1685 28.083 0.0628
1686 28.100 0.7383
1687 28.117 2.0410
1688 28.133 2.7330
1689 28.150 2.9528
1690 28.167 3.7868
1691 28.183 3.4725
1692 28.200 4.0734
1693 28.217 4.3904
1694 28.233 4.4626
1695 28.250 4.4959
1696 28.267 4.1483
1697 28.283 3.7670
1698 28.300 3.4310
1699 28.317 3.2287
1700 28.333 3.0328
1701 28.350 3.1195
1702 28.367 2.8618
1703 28.383 2.7802
1704 28.400 2.7046
1705 28.417 2.2922
1706 28.433 2.2483
1707 28.450 2.3598
1708 28.467 2.4567
1709 28.483 2.4695
1710 28.500 2.4304
1711 28.517 2.2769
1712 28.533 2.1625
1713 28.550 1.9533
1714 28.567 1.8522
1715 28.583 1.5386
1716 28.600 1.3106
1717 28.617 1.1959
1718 28.633 1.0966
1719 28.650 1.0295
1720 28.667 0.8303
1721 28.683 0.7640
1722 28.700 0.9539
1723 28.717 0.6207
1724 28.733 0.5237
1725 28.750 0.3821
1726 28.767 0.4141
1727 28.783 0.4088
1728 28.800 0.5105
1729 28.817 0.0790
1730 28.833 0.2111
1731 28.850 0.1669
1732 28.867 0.1696
1733 28.883 0.0863
1734 28.900 0.0842
1735 28.917 0.2767
1736 28.933 0.0781
1737 28.950 0.0508
1738 28.967 0.0691
1739 28.983 0.1729
1740 29.000 0.0618
1741 29.017 0.0284
1742 29.033 0.0404
1743 29.050 0.0438
1744 29.067 0.0427
1745 29.083 0.0247
1746 29.100 0.2589
1747 29.117 0.0233
1748 29.133 0.1157
1749 29.150 0.1085
1750 29.167 0.0674
1751 29.183 0.0176
1752 29.200 0.0039
1753 29.217 0.0036
1754 29.233 0.0037
1755 29.250 0.0437
1756 29.267 0.0138
1757 29.283 0.0050
1758 29.300 0.0054
1759 29.317 0.0178
1760 29.333 0.0013
1761 29.350 0.0208
1762 29.367 0.0015
1763 29.383 0.0049
1764 29.400 0.0006
1765 29.417 0.0083
1766 29.433 0.0087
1767 29.450 0.0013
1768 29.467 0.0129
1769 29.483 0.0003
1770 29.500 0.0118
1771 29.517 0.0022
1772 29.533 0.0120
1773 29.550 0.0040
1774 29.567 0.0003
1775 29.583 0.0010
1776 29.600 0.0001
1777 29.617 0.0031
1778 29.633 0.0002
1779 29.650 0.0120
1780 29.667 0.0040
1781 29.683 0.0001
1782 29.700 0.0001
1783 29.717 0.0004
1784 29.733 0.0025
1785 29.750 0.0000
1786 29.767 0.0092
1787 29.783 0.0034
1788 29.800 0.0001
1789 29.817 0.0001
1790 29.833 0.0002
1791 29.850 0.0129
1792 29.867 0.0001
1793 29.883 0.0107
1794 29.900 0.0044
1795 29.917 0.0015
1796 29.933 0.0001
1797 29.950 0.0001
1798 29.967 0.0052
1799 29.983 0.0010
1800 30.000 0.0008
1801 30.017 0.0000
1802 30.033 0.0092
1803 30.050 0.0471
1804 30.067 0.0554
1805 30.083 0.1021
1806 30.100 0.1081
1807 30.117 0.1936
1808 30.133 0.4083
1809 30.150 0.2535
1810 30.167 0.3335
1811 30.183 0.5929
1812 30.200 0.5137
1813 30.217 0.7054
1814 30.233 0.7349
1815 30.250 0.7665
1816 30.267 0.8279
1817 30.283 1.1055
1818 30.300 1.0812
1819 30.317 1.2090
1820 30.333 1.2782
1821 30.350 1.4100
1822 30.367 1.4314
1823 30.383 1.5142
1824 30.400 1.5655
1825 30.417 1.7005
1826 30.433 1.7887
1827 30.450 1.7391
1828 30.467 2.0018
1829 30.483 2.0747
1830 30.500 2.1227
1831 30.517 2.2218
1832 30.533 2.1279
1833 30.550 2.2925
1834 30.567 2.4878
1835 30.583 2.5432
1836 30.600 2.6486
1837 30.617 2.8013
1838 30.633 3.0236
1839 30.650 2.9796
1840 30.667 3.1284
1841 30.683 3.1582
1842 30.700 3.4722
1843 30.717 3.3858
1844 30.733 3.4255
1845 30.750 3.6260
1846 30.767 3.7221
1847 30.783 3.8380
1848 30.800 3.9917
1849 30.817 4.1318
1850 30.833 4.3065
1851 30.850 4.3362
1852 30.867 4.6074
1853 30.883 4.6900
1854 30.900 4.9089
1855 30.917 5.0396
1856 30.933 5.2464
1857 30.950 5.3448
1858 30.967 5.4916
1859 30.983 5.6459
1860 31.000 5.8119
1861 31.017 6.0007
1862 31.033 6.1592
1863 31.050 6.3219
1864 31.067 6.4298
1865 31.083 6.5540
1866 31.100 6.6872
1867 31.117 6.7359
1868 31.133 6.8082
1869 31.150 6.9941
1870 31.167 7.1968
1871 31.183 7.2855
1872 31.200 7.4821
1873 31.217 7.5100
1874 31.233 7.4666
1875 31.250 7.7243
1876 31.267 7.8319
1877 31.283 7.6586
1878 31.300 7.7290
1879 31.317 7.7470
1880 31.333 7.9406
1881 31.350 8.0480
1882 31.367 8.0579
1883 31.383 8.1316
1884 31.400 8.1232
1885 31.417 8.0715
1886 31.433 7.9678
1887 31.450 7.9682
1888 31.467 7.9286
1889 31.483 7.9135
1890 31.500 7.8045
1891 31.517 7.7836
1892 31.533 7.5974
1893 31.550 7.5765
1894 31.567 7.3421
1895 31.583 7.1519
1896 31.600 6.9885
1897 31.617 7.0101
1898 31.633 6.8608
1899 31.650 6.8416
1900 31.667 6.9027
1901 31.683 6.6553
1902 31.700 6.8465
1903 31.717 6.8191
1904 31.733 6.4063
1905 31.750 6.4806
1906 31.767 6.3625
1907 31.783 6.5483
1908 31.800 6.3141
1909 31.817 6.2258
1910 31.833 6.1200
1911 31.850 6.0443
1912 31.867 5.9538
1913 31.883 5.8881
1914 31.900 6.0055
1915 31.917 6.0918
1916 31.933 6.1603
1917 31.950 6.1218
1918 31.967 5.9328
1919 31.983 6.0652
1920 32.000 6.1422
1921 32.017 6.0088
1922 32.033 6.1141
1923 32.050 6.0882
1924 32.067 6.0393
1925 32.083 5.9362
1926 32.100 5.8535
1927 32.117 5.6191
1928 32.133 5.5408
1929 32.150 5.0530
1930 32.167 4.6956
1931 32.183 4.4386
1932 32.200 4.3023
1933 32.217 3.9369
1934 32.233 3.6523
1935 32.250 3.1321
1936 32.267 2.7348
1937 32.283 2.5996
1938 32.300 2.3903
1939 32.317 2.1683
1940 32.333 1.8604
1941 32.350 1.6224
1942 32.367 1.2971
1943 32.383 1.5122
1944 32.400 1.1165
1945 32.417 0.9234
1946 32.433 0.7070
1947 32.450 0.5220
1948 32.467 0.9387
1949 32.483 0.7761
1950 32.500 0.7473
1951 32.517 0.7279
1952 32.533 0.6397
1953 32.550 1.2175
1954 32.567 1.1666
1955 32.583 1.1662
1956 32.600 1.1306
1957 32.617 0.6881
1958 32.633 0.7530
1959 32.650 0.8185
1960 32.667 0.8342
1961 32.683 0.7531
1962 32.700 0.4197
1963 32.717 0.5520
1964 32.733 0.6789
1965 32.750 0.7312
1966 32.767 0.6800
1967 32.783 0.4589
1968 32.800 0.5225
1969 32.817 0.5360
1970 32.833 0.5677
1971 32.850 0.3523
1972 32.867 0.1890
1973 32.883 0.2016
1974 32.900 0.2309
1975 32.917 0.2312
1976 32.933 0.2239
1977 32.950 0.2177
1978 32.967 0.2196
1979 32.983 0.1981
1980 33.000 0.1774
1981 33.017 0.1458
1982 33.033 0.1396
1983 33.050 0.1691
1984 33.067 0.1689
1985 33.083 0.1599
1986 33.100 0.1612
1987 33.117 0.1464
1988 33.133 0.1252
1989 33.150 0.1359
1990 33.167 0.1542
1991 33.183 0.1512
1992 33.200 0.0697
1993 33.217 0.0520
1994 33.233 0.0548
1995 33.250 0.0827
1996 33.267 0.1278
1997 33.283 0.2066
1998 33.300 0.2599
1999 33.317 0.2833
2000 33.333 0.5036
2001 33.350 0.4158
2002 33.367 0.4138
2003 33.383 0.4241
2004 33.400 0.3883
2005 33.417 0.4004
2006 33.433 0.3194
2007 33.450 0.2767
2008 33.467 0.2422
2009 33.483 0.1414
2010 33.500 0.1256
2011 33.517 0.1460
2012 33.533 0.1699
2013 33.550 0.1697
2014 33.567 0.1426
2015 33.583 0.1237
2016 33.600 0.1515
2017 33.617 0.1084
2018 33.633 0.1458
2019 33.650 0.1059
2020 33.667 0.1277
2021 33.683 0.1309
2022 33.700 0.0849
2023 33.717 0.0818
2024 33.733 0.1099
2025 33.750 0.1133
2026 33.767 0.0811
2027 33.783 0.0830
2028 33.800 0.0864
2029 33.817 0.0991
2030 33.833 0.0899
2031 33.850 0.0883
2032 33.867 0.0891
2033 33.883 0.0592
2034 33.900 0.0583
2035 33.917 0.0807
2036 33.933 0.1178
2037 33.950 0.1265
2038 33.967 0.1064
2039 33.983 0.1296
2040 34.000 0.1645
2041 34.017 0.1724
2042 34.033 0.1744
2043 34.050 0.1729
2044 34.067 0.1695
2045 34.083 0.1160
2046 34.100 0.1039
2047 34.117 0.1065
2048 34.133 0.0901
2049 34.150 0.0634
2050 34.167 0.0782
2051 34.183 0.0873
2052 34.200 0.0750
2053 34.217 0.0604
2054 34.233 0.0610
2055 34.250 0.0661
2056 34.267 0.0756
2057 34.283 0.0768
2058 34.300 0.0532
2059 34.317 0.0304
2060 34.333 0.0189
2061 34.350 0.0168
2062 34.367 0.0202
2063 34.383 0.0181
2064 34.400 0.0128
2065 34.417 0.0183
2066 34.433 0.0381
2067 34.450 0.0573
2068 34.467 0.0553
2069 34.483 0.0552
2070 34.500 0.0602
2071 34.517 0.0745
2072 34.533 0.0740
2073 34.550 0.0870
2074 34.567 0.0775
2075 34.583 0.0559
2076 34.600 0.0687
2077 34.617 0.1035
2078 34.633 0.1363
2079 34.650 0.1464
2080 34.667 0.1341
2081 34.683 0.1251
2082 34.700 0.1238
2083 34.717 0.1082
2084 34.733 0.1140
2085 34.750 0.0821
2086 34.767 0.0504
2087 34.783 0.0214
2088 34.800 0.0464
2089 34.817 0.0533
2090 34.833 0.0565
2091 34.850 0.0553
2092 34.867 0.0588
2093 34.883 0.0696
2094 34.900 0.0745
2095 34.917 0.0898
2096 34.933 0.0888
2097 34.950 0.0599
2098 34.967 0.0589
2099 34.983 0.0559
2100 35.000 0.0839
2101 35.017 0.0942
2102 35.033 0.0740
2103 35.050 0.0764
2104 35.067 0.0587
2105 35.083 0.0534
2106 35.100 0.0493
2107 35.117 0.0367
2108 35.133 0.0356
2109 35.150 0.0122
2110 35.167 0.0000
2111 35.183 0.0000
2112 35.200 0.0001
2113 35.217 0.0002
2114 35.233 0.0000
2115 35.250 0.0000
2116 35.267 0.0001
2117 35.283 0.0002
2118 35.300 0.0000
2119 35.317 0.0000
2120 35.333 0.0001
2121 35.350 0.0002
2122 35.367 0.0000
2123 35.383 0.0000
2124 35.400 0.0001
2125 35.417 0.0002
2126 35.433 0.0000
2127 35.450 0.0000
2128 35.467 0.0001
2129 35.483 0.0002
2130 35.500 0.0000
2131 35.517 0.0000
2132 35.533 0.0001
2133 35.550 0.0002
2134 35.567 0.0000
2135 35.583 0.0000
2136 35.600 0.0001
2137 35.617 0.0002
2138 35.633 0.0000
2139 35.650 0.0000
2140 35.667 0.0001
2141 35.683 0.0003
2142 35.700 0.0000
2143 35.717 0.0000
2144 35.733 0.0001
2145 35.750 0.0002
2146 35.767 0.0000
2147 35.783 0.0000
2148 35.800 0.0001
2149 35.817 0.0002
2150 35.833 0.0000
2151 35.850 0.0000
2152 35.867 0.0001
2153 35.883 0.0002
2154 35.900 0.0000
2155 35.917 0.0000
2156 35.933 0.0001
2157 35.950 0.0006
2158 35.967 0.0002
2159 35.983 0.0001
2160 36.000 0.0127
2161 36.017 2.3290
2162 36.033 3.5283
2163 36.050 3.9872
2164 36.067 4.4072
2165 36.083 5.4069
2166 36.100 5.9477
2167 36.117 6.5494
2168 36.133 6.4527
2169 36.150 6.4867
2170 36.167 7.0084
2171 36.183 7.4378
2172 36.200 7.9107
2173 36.217 8.3106
2174 36.233 8.9361
2175 36.250 8.8573
2176 36.267 9.1648
2177 36.283 9.5100
2178 36.300 9.7669
2179 36.317 9.6700
2180 36.333 9.6107
2181 36.350 9.7902
2182 36.367 9.8065
2183 36.383 10.0528
2184 36.400 10.0175
2185 36.417 9.9256
2186 36.433 9.7430
2187 36.450 9.1616
2188 36.467 8.9222
2189 36.483 8.9955
2190 36.500 8.5175
2191 36.517 8.6013
2192 36.533 8.3096
2193 36.550 8.2657
2194 36.567 8.0942
2195 36.583 7.9379
2196 36.600 7.8063
2197 36.617 7.6558
2198 36.633 7.1315
2199 36.650 6.6028
2200 36.667 6.1730
2201 36.683 6.0556
2202 36.700 5.9307
2203 36.717 5.7129
2204 36.733 5.4419
2205 36.750 5.1593
2206 36.767 5.1125
2207 36.783 4.8759
2208 36.800 4.9615
2209 36.817 4.9300
2210 36.833 4.7457
2211 36.850 4.3640
2212 36.867 3.9156
2213 36.883 3.7188
2214 36.900 3.1214
2215 36.917 2.9055
2216 36.933 2.4487
2217 36.950 2.0536
2218 36.967 1.5027
2219 36.983 1.2525
2220 37.000 0.8822
2221 37.017 0.9134
2222 37.033 0.8280
2223 37.050 0.7855
2224 37.067 0.6800
2225 37.083 0.7972
2226 37.100 0.7305
2227 37.117 0.7287
2228 37.133 0.6681
2229 37.150 0.6871
2230 37.167 0.7008
2231 37.183 0.6591
2232 37.200 0.6918
2233 37.217 0.8343
2234 37.233 0.9452
2235 37.250 1.0014
2236 37.267 1.2417
2237 37.283 1.4440
2238 37.300 1.4222
2239 37.317 1.4904
2240 37.333 1.5146
2241 37.350 1.4550
2242 37.367 1.4673
2243 37.383 1.6479
2244 37.400 1.3987
2245 37.417 1.4028
2246 37.433 1.4477
2247 37.450 1.4483
2248 37.467 1.6135
2249 37.483 1.4907
2250 37.500 1.5838
2251 37.517 1.5104
2252 37.533 1.5516
2253 37.550 1.7432
2254 37.567 1.6295
2255 37.583 1.6129
2256 37.600 1.6081
2257 37.617 1.6437
2258 37.633 1.6226
2259 37.650 1.4508
2260 37.667 1.4032
2261 37.683 1.3319
2262 37.700 1.3015
2263 37.717 1.1698
2264 37.733 0.9349
2265 37.750 0.8150
2266 37.767 0.7034
2267 37.783 0.6235
2268 37.800 0.5438
2269 37.817 1.4748
2270 37.833 1.5540
2271 37.850 1.4145
2272 37.867 1.3879
2273 37.883 1.1885
2274 37.900 1.0657
2275 37.917 1.0831
2276 37.933 1.0591
2277 37.950 1.0049
2278 37.967 1.0392
2279 37.983 1.0092
2280 38.000 1.0937
2281 38.017 2.4290
2282 38.033 2.2590
2283 38.050 2.2386
2284 38.067 2.3192
2285 38.083 2.3308
2286 38.100 2.3536
2287 38.117 2.3977
2288 38.133 2.4657
2289 38.150 2.4841
2290 38.167 2.4844
2291 38.183 2.3499
2292 38.200 2.1740
2293 38.217 2.0106
2294 38.233 1.8368
2295 38.250 1.6560
2296 38.267 1.5231
2297 38.283 1.3755
2298 38.300 1.2208
2299 38.317 1.2234
2300 38.333 1.2240
2301 38.350 1.2672
2302 38.367 1.2460
2303 38.383 1.2583
2304 38.400 1.2900
2305 38.417 1.3158
2306 38.433 1.3621
2307 38.450 1.3577
2308 38.467 1.3799
2309 38.483 1.2906
2310 38.500 1.2105
2311 38.517 1.0569
2312 38.533 0.9514
2313 38.550 0.7976
2314 38.567 0.6383
2315 38.583 0.5208
2316 38.600 0.4122
2317 38.617 0.2875
2318 38.633 0.2306
2319 38.650 0.1014
2320 38.667 0.0746
2321 38.683 0.0227
2322 38.700 0.0578
2323 38.717 0.0372
2324 38.733 0.0406
2325 38.750 0.0668
2326 38.767 0.5011
2327 38.783 0.5975
2328 38.800 0.9376
2329 38.817 1.2071
2330 38.833 1.3943
2331 38.850 1.6574
2332 38.867 1.5337
2333 38.883 1.3427
2334 38.900 1.0770
2335 38.917 0.7738
2336 38.933 0.5946
2337 38.950 0.4667
2338 38.967 0.0770
2339 38.983 0.0109
2340 39.000 0.0483
2341 39.017 0.0574
2342 39.033 0.0242
2343 39.050 0.0442
2344 39.067 0.0801
2345 39.083 0.0660
2346 39.100 0.0512
2347 39.117 0.0656
2348 39.133 0.0714
2349 39.150 0.1075
2350 39.167 0.1052
2351 39.183 0.1238
2352 39.200 0.1103
2353 39.217 0.1220
2354 39.233 0.1091
2355 39.250 0.1205
2356 39.267 0.1315
2357 39.283 0.1522
2358 39.300 0.1742
2359 39.317 0.1859
2360 39.333 0.2154
2361 39.350 0.2532
2362 39.367 0.2653
2363 39.383 0.2894
2364 39.400 0.3408
2365 39.417 0.3411
2366 39.433 0.3944
2367 39.450 0.4153
2368 39.467 0.4559
2369 39.483 0.4836
2370 39.500 0.5070
2371 39.517 0.5099
2372 39.533 0.5338
2373 39.550 0.5774
2374 39.567 0.6021
2375 39.583 0.6272
2376 39.600 0.6477
2377 39.617 0.6390
2378 39.633 0.6356
2379 39.650 0.6234
2380 39.667 0.6443
2381 39.683 0.6454
2382 39.700 0.6594
2383 39.717 0.6703
2384 39.733 0.6553
2385 39.750 0.6317
2386 39.767 0.6091
2387 39.783 0.5833
2388 39.800 0.5543
2389 39.817 0.5198
2390 39.833 0.7151
2391 39.850 0.6860
2392 39.867 0.4253
2393 39.883 0.4001
2394 39.900 0.3447
2395 39.917 0.3358
2396 39.933 0.3023
2397 39.950 0.2774
2398 39.967 0.2476
2399 39.983 0.2262
2400 40.000 0.1863
2401 40.017 0.1642
2402 40.033 0.1333
2403 40.050 0.1202
2404 40.067 0.0975
2405 40.083 0.0801
2406 40.100 0.0619
2407 40.117 0.0493
2408 40.133 0.0345
2409 40.150 0.0420
2410 40.167 0.3897
2411 40.183 0.3920
2412 40.200 0.0314
2413 40.217 0.0409
2414 40.233 0.0434
2415 40.250 0.0543
2416 40.267 0.0742
2417 40.283 0.0985
2418 40.300 0.1161
2419 40.317 0.1391
2420 40.333 0.1569
2421 40.350 0.1779
2422 40.367 0.2026
2423 40.383 0.2133
2424 40.400 0.2164
2425 40.417 0.2211
2426 40.433 0.2159
2427 40.450 0.2321
2428 40.467 0.2399
2429 40.483 0.2537
2430 40.500 0.2554
2431 40.517 0.2500
2432 40.533 0.2512
2433 40.550 0.2581
2434 40.567 0.2457
2435 40.583 0.2459
2436 40.600 0.2270
2437 40.617 0.2085
2438 40.633 0.1985
2439 40.650 0.1845
2440 40.667 0.1708
2441 40.683 0.1673
2442 40.700 0.1456
2443 40.717 0.1454
2444 40.733 0.1201
2445 40.750 0.0858
2446 40.767 0.0791
2447 40.783 0.0566
2448 40.800 0.0478
2449 40.817 0.0350
2450 40.833 0.0249
2451 40.850 0.0170
2452 40.867 0.0113
2453 40.883 0.0115
2454 40.900 0.0026
2455 40.917 0.0095
2456 40.933 0.0000
2457 40.950 0.0000
2458 40.967 0.0001
2459 40.983 0.0001
2460 41.000 0.0000
2461 41.017 0.1061
2462 41.033 0.0993
2463 41.050 0.2368
2464 41.067 0.4208
2465 41.083 0.5651
2466 41.100 0.4255
2467 41.117 1.4345
2468 41.133 1.8140
2469 41.150 1.6910
2470 41.167 1.8064
2471 41.183 1.8666
2472 41.200 1.9713
2473 41.217 2.0548
2474 41.233 1.9776
2475 41.250 2.4636
2476 41.267 2.0638
2477 41.283 1.3952
2478 41.300 1.5657
2479 41.317 1.6103
2480 41.333 1.6453
2481 41.350 1.5070
2482 41.367 1.3682
2483 41.383 1.1523
2484 41.400 1.0446
2485 41.417 1.0371
2486 41.433 1.0712
2487 41.450 1.5540
2488 41.467 1.8294
2489 41.483 2.0331
2490 41.500 1.8434
2491 41.517 2.0155
2492 41.533 2.4431
2493 41.550 3.0000
2494 41.567 3.2626
2495 41.583 3.2656
2496 41.600 3.4249
2497 41.617 3.5029
2498 41.633 3.5342
2499 41.650 3.3774
2500 41.667 3.3669
2501 41.683 3.5213
2502 41.700 2.9399
2503 41.717 2.8006
2504 41.733 2.9133
2505 41.750 2.9451
2506 41.767 2.7020
2507 41.783 2.2684
2508 41.800 2.0616
2509 41.817 2.0163
2510 41.833 1.7124
2511 41.850 1.0629
2512 41.867 1.5309
2513 41.883 0.9345
2514 41.900 0.6972
2515 41.917 0.7311
2516 41.933 0.6500
2517 41.950 0.7172
2518 41.967 0.6492
2519 41.983 0.1181
2520 42.000 0.1672
2521 42.017 0.5210
2522 42.033 0.2868
2523 42.050 0.3321
2524 42.067 0.0948
2525 42.083 0.3074
2526 42.100 0.4388
2527 42.117 1.1283
2528 42.133 2.9618
2529 42.150 3.5199
2530 42.167 3.6993
2531 42.183 2.9859
2532 42.200 3.2165
2533 42.217 2.6334
2534 42.233 2.4439
2535 42.250 2.3703
2536 42.267 3.9468
2537 42.283 4.9730
2538 42.300 5.1564
2539 42.317 5.2262
2540 42.333 5.4691
2541 42.350 5.2952
2542 42.367 4.6176
2543 42.383 4.4171
2544 42.400 4.4595
2545 42.417 3.8963
2546 42.433 3.4953
2547 42.450 2.7974
2548 42.467 2.4007
2549 42.483 2.0806
2550 42.500 2.1844
2551 42.517 1.8092
2552 42.533 1.7389
2553 42.550 1.6130
2554 42.567 1.6062
2555 42.583 0.9164
2556 42.600 0.7392
2557 42.617 0.1995
2558 42.633 0.6574
2559 42.650 0.1674
2560 42.667 0.4438
2561 42.683 0.3744
2562 42.700 0.1193
2563 42.717 0.1736
2564 42.733 0.0920
2565 42.750 0.1121
2566 42.767 0.0540
2567 42.783 0.6049
2568 42.800 0.1047
2569 42.817 0.0495
2570 42.833 0.1196
2571 42.850 0.0655
2572 42.867 0.1653
2573 42.883 0.1176
2574 42.900 0.0964
2575 42.917 0.7140
2576 42.933 0.0988
2577 42.950 0.1601
2578 42.967 0.1524
2579 42.983 0.1083
2580 43.000 0.0826
2581 43.017 0.0478
2582 43.033 0.1620
2583 43.050 0.0178
2584 43.067 0.0644
2585 43.083 0.0102
2586 43.100 0.0201
2587 43.117 0.1204
2588 43.133 0.0047
2589 43.150 0.0051
2590 43.167 0.0609
2591 43.183 0.0043
2592 43.200 0.0027
2593 43.217 0.0181
2594 43.233 0.0468
2595 43.250 0.0138
2596 43.267 0.0456
2597 43.283 0.0168
2598 43.300 0.0029
2599 43.317 0.0585
2600 43.333 0.0017
2601 43.350 0.0015
2602 43.367 0.0015
2603 43.383 0.0015
2604 43.400 0.0006
2605 43.417 0.0010
2606 43.433 0.0008
2607 43.450 0.0013
2608 43.467 0.0583
2609 43.483 0.0006
2610 43.500 0.0014
2611 43.517 0.0017
2612 43.533 0.0005
2613 43.550 0.0004
2614 43.567 0.0175
2615 43.583 0.0861
2616 43.600 0.0871
2617 43.617 0.1331
2618 43.633 0.1936
2619 43.650 0.2388
2620 43.667 0.2617
2621 43.683 0.2601
2622 43.700 0.2763
2623 43.717 0.2459
2624 43.733 0.2131
2625 43.750 0.1901
2626 43.767 0.1407
2627 43.783 0.1638
2628 43.800 0.1654
2629 43.817 0.1824
2630 43.833 0.1908
2631 43.850 0.2031
2632 43.867 0.1859
2633 43.883 0.1873
2634 43.900 0.1702
2635 43.917 0.1480
2636 43.933 0.1242
2637 43.950 0.1302
2638 43.967 0.0916
2639 43.983 0.1207
2640 44.000 0.0972
2641 44.017 0.0779
2642 44.033 0.0749
2643 44.050 0.0761
2644 44.067 0.0477
2645 44.083 0.0040
2646 44.100 0.1180
2647 44.117 0.0030
2648 44.133 0.0025
2649 44.150 0.0595
2650 44.167 0.0021
2651 44.183 0.0019
2652 44.200 0.0007
2653 44.217 0.0016
2654 44.233 0.0021
2655 44.250 0.0017
2656 44.267 0.0008
2657 44.283 0.0009
2658 44.300 0.0018
2659 44.317 0.0019
2660 44.333 0.0004
2661 44.350 0.0004
2662 44.367 0.0019
2663 44.383 0.0018
2664 44.400 0.0007
2665 44.417 0.0009
2666 44.433 0.0012
2667 44.450 0.0009
2668 44.467 0.0005
2669 44.483 0.0002
2670 44.500 0.0004
2671 44.517 0.0004
2672 44.533 0.0001
2673 44.550 0.0001
2674 44.567 0.0005
2675 44.583 0.0006
2676 44.600 0.0001
2677 44.617 0.0001
2678 44.633 0.0004
2679 44.650 0.0007
2680 44.667 0.0001
2681 44.683 0.0001
2682 44.700 0.0005
2683 44.717 0.0005
2684 44.733 0.0000
2685 44.750 0.0000
2686 44.767 0.0003
2687 44.783 0.0003
2688 44.800 0.0000
2689 44.817 0.0000
2690 44.833 0.0002
2691 44.850 0.0002
2692 44.867 0.0000
2693 44.883 0.0000
2694 44.900 0.0002
2695 44.917 0.0003
2696 44.933 0.0001
2697 44.950 0.0000
2698 44.967 0.0003
2699 44.983 0.0006
2700 45.000 0.0001
2701 45.017 0.9420
2702 45.033 1.2334
2703 45.050 1.5086
2704 45.067 1.8880
2705 45.083 1.9675
2706 45.100 2.3062
2707 45.117 2.6125
2708 45.133 2.8002
2709 45.150 3.0529
2710 45.167 3.0963
2711 45.183 3.0950
2712 45.200 2.8895
2713 45.217 2.7313
2714 45.233 2.5922
2715 45.250 2.2907
2716 45.267 2.0525
2717 45.283 1.9134
2718 45.300 1.7457
2719 45.317 1.5939
2720 45.333 1.4889
2721 45.350 1.2324
2722 45.367 1.3022
2723 45.383 1.1486
2724 45.400 1.0707
2725 45.417 0.8966
2726 45.433 0.9690
2727 45.450 0.7449
2728 45.467 0.7219
2729 45.483 0.4794
2730 45.500 0.6508
2731 45.517 0.5854
2732 45.533 0.3950
2733 45.550 0.2133
2734 45.567 0.3950
2735 45.583 0.4076
2736 45.600 0.1449
2737 45.617 0.0811
2738 45.633 0.5137
2739 45.650 0.0911
2740 45.667 0.1257
2741 45.683 0.1809
2742 45.700 0.2895
2743 45.717 0.4328
2744 45.733 0.5287
2745 45.750 0.6295
2746 45.767 0.7787
2747 45.783 0.8467
2748 45.800 0.8706
2749 45.817 1.0258
2750 45.833 1.0935
2751 45.850 0.9015
2752 45.867 0.8824
2753 45.883 0.8897
2754 45.900 0.6643
2755 45.917 0.6023
2756 45.933 0.5677
2757 45.950 0.7105
2758 45.967 0.2515
2759 45.983 0.2527
2760 46.000 0.0977
2761 46.017 0.0712
2762 46.033 0.0661
2763 46.050 0.0597
2764 46.067 0.0523
2765 46.083 0.0417
2766 46.100 0.0462
2767 46.117 0.0317
2768 46.133 0.0291
2769 46.150 0.0246
2770 46.167 0.0235
2771 46.183 0.0135
2772 46.200 0.0320
2773 46.217 0.0116
2774 46.233 0.0078
2775 46.250 0.0076
2776 46.267 0.0081
2777 46.283 0.0011
2778 46.300 0.0123
2779 46.317 0.0039
2780 46.333 0.0003
2781 46.350 0.0000
2782 46.367 0.0000
2783 46.383 0.0002
2784 46.400 0.0046
2785 46.417 0.0498
2786 46.433 0.0401
2787 46.450 0.0781
2788 46.467 0.1591
2789 46.483 0.2850
2790 46.500 0.4049
2791 46.517 0.5653
2792 46.533 0.7375
2793 46.550 0.9201
2794 46.567 1.1131
2795 46.583 1.2935
2796 46.600 1.4441
2797 46.617 1.6167
2798 46.633 1.7832
2799 46.650 1.9477
2800 46.667 2.0780
2801 46.683 2.2362
2802 46.700 2.3852
2803 46.717 2.5204
2804 46.733 2.6486
2805 46.750 2.7567
2806 46.767 2.8673
2807 46.783 2.9610
2808 46.800 3.0467
2809 46.817 3.1324
2810 46.833 3.1909
2811 46.850 3.2680
2812 46.867 3.3319
2813 46.883 3.3830
2814 46.900 3.4353
2815 46.917 3.4337
2816 46.933 3.3866
2817 46.950 3.3118
2818 46.967 3.0732
2819 46.983 2.9301
2820 47.000 2.6934
2821 47.017 2.2909
2822 47.033 2.0095
2823 47.050 2.1570
2824 47.067 2.4302
2825 47.083 2.4454
2826 47.100 2.3637
2827 47.117 2.3576
2828 47.133 2.2488
2829 47.150 2.0826
2830 47.167 1.9023
2831 47.183 1.7083
2832 47.200 1.5099
2833 47.217 1.3238
2834 47.233 1.1236
2835 47.250 0.9366
2836 47.267 0.7576
2837 47.283 0.5996
2838 47.300 0.4489
2839 47.317 0.3334
2840 47.333 0.2167
2841 47.350 0.1428
2842 47.367 0.0774
2843 47.383 0.0289
2844 47.400 0.0054
2845 47.417 0.0039
2846 47.433 0.0353
2847 47.450 0.1046
2848 47.467 0.1826
2849 47.483 0.2955
2850 47.500 0.4295
2851 47.517 0.5936
2852 47.533 0.7760
2853 47.550 0.9947
2854 47.567 1.1794
2855 47.583 1.3986
2856 47.600 1.5903
2857 47.617 1.8116
2858 47.633 1.9930
2859 47.650 2.1795
2860 47.667 2.3505
2861 47.683 2.5159
2862 47.700 2.6660
2863 47.717 2.6252
2864 47.733 2.3875
2865 47.750 2.0823
2866 47.767 1.7241
2867 47.783 1.2807
2868 47.800 0.8446
2869 47.817 0.5271
2870 47.833 0.3779
2871 47.850 0.3110
2872 47.867 0.2686
2873 47.883 0.2229
2874 47.900 0.1911
2875 47.917 0.1581
2876 47.933 0.1330
2877 47.950 0.1090
2878 47.967 0.0940
2879 47.983 0.0858
2880 48.000 0.0872
2881 48.017 0.0941
2882 48.033 0.1101
2883 48.050 0.1267
2884 48.067 0.1402
2885 48.083 0.1541
2886 48.100 0.1683
2887 48.117 0.1852
2888 48.133 0.2009
2889 48.150 0.2148
2890 48.167 0.2262
2891 48.183 0.2204
2892 48.200 0.2112
2893 48.217 0.2021
2894 48.233 0.1896
2895 48.250 0.1909
2896 48.267 0.1795
2897 48.283 0.1697
2898 48.300 0.1721
2899 48.317 0.1624
2900 48.333 0.1496
2901 48.350 0.1395
2902 48.367 0.1342
2903 48.383 0.1220
2904 48.400 0.1047
2905 48.417 0.1056
2906 48.433 0.0841
2907 48.450 0.0817
2908 48.467 0.0644
2909 48.483 0.0573
2910 48.500 0.0416
2911 48.517 0.0301
2912 48.533 0.0274
2913 48.550 0.0168
2914 48.567 0.0160
2915 48.583 0.0078
2916 48.600 0.0069
2917 48.617 0.0032
2918 48.633 0.0051
2919 48.650 0.0033
2920 48.667 0.0000
2921 48.683 0.0002
2922 48.700 0.0003
2923 48.717 0.0003
2924 48.733 0.0000
2925 48.750 0.0002
2926 48.767 0.0003
2927 48.783 0.0003
2928 48.800 0.0000
2929 48.817 0.0002
2930 48.833 0.0003
2931 48.850 0.0003
2932 48.867 0.0000
2933 48.883 0.0002
2934 48.900 0.0003
2935 48.917 0.0003
2936 48.933 0.0000
2937 48.950 0.0002
2938 48.967 0.0003
2939 48.983 0.0005
2940 49.000 0.0055
2941 49.017 0.3995
2942 49.033 0.8498
2943 49.050 1.1939
2944 49.067 1.3614
2945 49.083 1.8960
2946 49.100 1.8427
2947 49.117 2.4005
2948 49.133 2.2769
2949 49.150 2.5581
2950 49.167 2.8915
2951 49.183 2.7923
2952 49.200 2.8756
2953 49.217 2.7563
2954 49.233 2.4347
2955 49.250 2.3773
2956 49.267 2.1057
2957 49.283 2.0029
2958 49.300 1.7477
2959 49.317 1.4309
2960 49.333 1.1278
2961 49.350 0.8812
2962 49.367 0.7344
2963 49.383 0.6326
2964 49.400 0.8123
2965 49.417 0.5198
2966 49.433 0.9385
2967 49.450 0.5495
2968 49.467 0.8091
2969 49.483 0.6294
2970 49.500 0.5232
2971 49.517 0.5237
2972 49.533 0.6274
2973 49.550 0.6109
2974 49.567 0.4771
2975 49.583 0.4300
2976 49.600 0.4051
2977 49.617 0.4283
2978 49.633 0.3172
2979 49.650 0.3904
2980 49.667 0.3135
2981 49.683 0.3027
2982 49.700 0.3889
2983 49.717 0.2556
2984 49.733 0.3057
2985 49.750 0.3551
2986 49.767 0.4417
2987 49.783 0.5820
2988 49.800 0.4587
2989 49.817 0.4169
2990 49.833 0.4197
2991 49.850 0.4079
2992 49.867 0.4065
2993 49.883 0.3847
2994 49.900 0.4157
2995 49.917 0.8321
2996 49.933 1.1260
2997 49.950 1.2096
2998 49.967 1.2171
2999 49.983 1.2527
3000 50.000 1.2574
3001 50.017 1.1568
3002 50.033 1.1404
3003 50.050 1.0919
3004 50.067 1.0780
3005 50.083 0.9965
3006 50.100 0.9659
3007 50.117 0.9813
3008 50.133 0.9525
3009 50.150 0.9210
3010 50.167 0.9025
3011 50.183 0.8361
3012 50.200 0.8049
3013 50.217 0.7268
3014 50.233 0.6901
3015 50.250 0.5679
3016 50.267 0.4899
3017 50.283 0.4958
3018 50.300 0.4040
3019 50.317 0.4735
3020 50.333 0.3857
3021 50.350 0.4726
3022 50.367 0.4512
3023 50.383 0.3702
3024 50.400 0.4870
3025 50.417 0.6704
3026 50.433 0.8166
3027 50.450 0.8149
3028 50.467 0.9004
3029 50.483 0.8681
3030 50.500 0.8605
3031 50.517 0.8934
3032 50.533 0.7921
3033 50.550 0.6278
3034 50.567 0.6831
3035 50.583 0.6534
3036 50.600 0.5975
3037 50.617 0.6906
3038 50.633 0.6261
3039 50.650 0.6438
3040 50.667 0.5867
3041 50.683 0.5467
3042 50.700 0.5777
3043 50.717 0.4151
3044 50.733 0.6082
3045 50.750 0.7144
3046 50.767 0.8644
3047 50.783 0.8342
3048 50.800 0.8538
3049 50.817 0.8636
3050 50.833 0.8636
3051 50.850 0.8462
3052 50.867 0.8151
3053 50.883 0.7957
3054 50.900 0.7454
3055 50.917 0.6574
3056 50.933 0.6204
3057 50.950 0.5273
3058 50.967 0.4719
3059 50.983 0.4513
3060 51.000 0.4185
3061 51.017 0.4018
3062 51.033 0.2949
3063 51.050 0.2323
3064 51.067 0.1858
3065 51.083 0.2328
3066 51.100 0.2659
3067 51.117 0.2859
3068 51.133 0.2362
3069 51.150 0.2625
3070 51.167 1.8749
3071 51.183 2.0895
3072 51.200 2.1633
3073 51.217 1.9211
3074 51.233 1.8615
3075 51.250 1.8947
3076 51.267 1.5852
3077 51.283 1.5183
3078 51.300 1.1285
3079 51.317 0.8803
3080 51.333 0.8549
3081 51.350 0.7162
3082 51.367 0.6940
3083 51.383 0.6126
3084 51.400 0.5276
3085 51.417 0.5162
3086 51.433 0.4882
3087 51.450 0.4591
3088 51.467 0.3935
3089 51.483 0.3792
3090 51.500 0.3517
3091 51.517 0.3302
3092 51.533 0.3206
3093 51.550 0.3365
3094 51.567 0.3108
3095 51.583 0.2911
3096 51.600 0.2568
3097 51.617 0.2438
3098 51.633 0.2379
3099 51.650 0.1969
3100 51.667 0.1753
3101 51.683 0.1584
3102 51.700 0.1529
3103 51.717 0.1229
3104 51.733 0.1059
3105 51.750 0.1037
3106 51.767 0.0665
3107 51.783 0.0661
3108 51.800 0.0521
3109 51.817 0.0383
3110 51.833 0.0722
3111 51.850 0.0080
3112 51.867 0.0205
3113 51.883 0.0045
3114 51.900 0.0062
3115 51.917 0.0191
3116 51.933 0.0066
3117 51.950 0.0071
3118 51.967 0.0703
3119 51.983 0.0096
3120 52.000 0.0833
3121 52.017 2.3235
3122 52.033 4.5028
3123 52.050 5.8987
3124 52.067 7.2469
3125 52.083 7.7868
3126 52.100 7.9563
3127 52.117 8.8987
3128 52.133 9.0317
3129 52.150 9.3075
3130 52.167 9.1252
3131 52.183 8.7651
3132 52.200 8.5834
3133 52.217 9.3660
3134 52.233 9.2112
3135 52.250 10.2131
3136 52.267 10.3374
3137 52.283 11.0593
3138 52.300 11.1532
3139 52.317 12.0351
3140 52.333 12.3876
3141 52.350 13.0555
3142 52.367 13.6496
3143 52.383 13.9301
3144 52.400 14.3798
3145 52.417 15.0459
3146 52.433 15.7957
3147 52.450 16.2256
3148 52.467 16.8522
3149 52.483 17.1436
3150 52.500 17.9373
3151 52.517 18.0305
3152 52.533 18.3484
3153 52.550 18.4369
3154 52.567 18.9117
3155 52.583 19.4537
3156 52.600 19.7855
3157 52.617 20.1166
3158 52.633 20.0643
3159 52.650 20.4135
3160 52.667 20.7381
3161 52.683 21.1628
3162 52.700 21.8580
3163 52.717 21.4308
3164 52.733 20.7597
3165 52.750 19.9204
3166 52.767 19.7097
3167 52.783 19.2352
3168 52.800 18.9243
3169 52.817 18.2459
3170 52.833 17.5731
3171 52.850 17.1805
3172 52.867 16.7158
3173 52.883 16.1560
3174 52.900 15.8032
3175 52.917 15.4751
3176 52.933 15.0565
3177 52.950 14.5248
3178 52.967 13.7262
3179 52.983 12.9428
3180 53.000 11.9585
3181 53.017 11.2162
3182 53.033 10.6238
3183 53.050 10.0708
3184 53.067 9.1905
3185 53.083 8.3599
3186 53.100 7.9283
3187 53.117 6.9267
3188 53.133 6.2591
3189 53.150 5.7549
3190 53.167 4.9006
3191 53.183 4.3250
3192 53.200 3.8159
3193 53.217 3.1689
3194 53.233 3.0834
3195 53.250 1.8848
3196 53.267 1.8015
3197 53.283 1.8102
3198 53.300 1.1350
3199 53.317 0.6739
3200 53.333 0.6811
3201 53.350 0.1688
3202 53.367 0.2562
3203 53.383 0.0770
3204 53.400 0.1137
3205 53.417 0.1935
3206 53.433 0.2913
3207 53.450 0.2890
3208 53.467 0.3095
3209 53.483 0.3397
3210 53.500 0.3607
3211 53.517 0.3221
3212 53.533 0.3469
3213 53.550 0.3512
3214 53.567 0.3427
3215 53.583 0.3404
3216 53.600 0.3295
3217 53.617 0.3940
3218 53.633 0.4456
3219 53.650 0.4391
3220 53.667 0.4302
3221 53.683 0.4317
3222 53.700 0.4114
3223 53.717 0.3835
3224 53.733 0.4196
3225 53.750 0.3991
3226 53.767 0.4070
3227 53.783 0.4710
3228 53.800 0.4917
3229 53.817 0.5709
3230 53.833 0.7478
3231 53.850 0.5368
3232 53.867 0.5693
3233 53.883 0.5966
3234 53.900 0.5969
3235 53.917 0.5692
3236 53.933 0.6057
3237 53.950 0.5935
3238 53.967 0.5817
3239 53.983 0.6280
3240 54.000 0.6314
3241 54.017 0.7010
3242 54.033 0.9025
3243 54.050 0.6758
3244 54.067 0.7162
3245 54.083 0.7290
3246 54.100 0.7021
3247 54.117 0.7039
3248 54.133 0.9158
3249 54.150 0.8515
3250 54.167 1.1938
3251 54.183 1.0633
3252 54.200 1.0329
3253 54.217 0.8357
3254 54.233 0.9753
3255 54.250 0.6533
3256 54.267 0.6863
3257 54.283 0.6646
3258 54.300 0.6217
3259 54.317 0.5964
3260 54.333 0.6133
3261 54.350 0.5112
3262 54.367 0.4537
3263 54.383 0.4141
3264 54.400 0.4160
3265 54.417 0.4746
3266 54.433 0.7496
3267 54.450 0.5414
3268 54.467 0.5667
3269 54.483 0.5664
3270 54.500 0.5814
3271 54.517 0.6111
3272 54.533 0.5853
3273 54.550 0.5593
3274 54.567 0.5440
3275 54.583 0.5245
3276 54.600 0.5258
3277 54.617 0.4938
3278 54.633 0.6915
3279 54.650 0.4494
3280 54.667 0.4489
3281 54.683 0.4448
3282 54.700 0.4799
3283 54.717 0.4658
3284 54.733 0.4849
3285 54.750 0.4513
3286 54.767 0.3745
3287 54.783 0.3285
3288 54.800 0.3042
3289 54.817 0.3413
3290 54.833 0.5534
3291 54.850 0.4270
3292 54.867 0.4691
3293 54.883 0.4965
3294 54.900 0.5434
3295 54.917 0.5437
3296 54.933 0.5313
3297 54.950 0.4699
3298 54.967 0.4365
3299 54.983 0.4457
3300 55.000 0.4138
3301 55.017 0.3992
3302 55.033 0.6064
3303 55.050 0.4317
3304 55.067 0.4767
3305 55.083 0.4681
3306 55.100 0.4838
3307 55.117 0.5101
3308 55.133 0.5075
3309 55.150 0.4378
3310 55.167 0.3936
3311 55.183 0.3612
3312 55.200 0.3550
3313 55.217 0.3067
3314 55.233 0.4623
3315 55.250 0.2564
3316 55.267 0.3329
3317 55.283 0.3245
3318 55.300 0.4052
3319 55.317 0.9858
3320 55.333 2.1413
3321 55.350 3.6550
3322 55.367 5.6851
3323 55.383 7.8805
3324 55.400 8.9268
3325 55.417 10.2735
3326 55.433 11.2863
3327 55.450 10.4492
3328 55.467 10.0636
3329 55.483 9.2855
3330 55.500 8.8579
3331 55.517 7.6522
3332 55.533 6.6907
3333 55.550 5.9524
3334 55.567 5.2391
3335 55.583 4.8155
3336 55.600 4.5921
3337 55.617 3.9832
3338 55.633 3.7515
3339 55.650 3.6179
3340 55.667 3.4421
3341 55.683 3.3244
3342 55.700 3.0496
3343 55.717 2.9016
3344 55.733 2.7612
3345 55.750 2.5416
3346 55.767 2.4892
3347 55.783 2.2710
3348 55.800 2.1935
3349 55.817 2.0550
3350 55.833 1.8861
3351 55.850 1.7764
3352 55.867 2.0690
3353 55.883 1.7338
3354 55.900 1.6380
3355 55.917 1.4721
3356 55.933 1.3360
3357 55.950 0.9702
3358 55.967 0.9669
3359 55.983 0.8081
3360 56.000 0.6594
3361 56.017 0.5419
3362 56.033 0.6217
3363 56.050 0.3013
3364 56.067 0.2599
3365 56.083 0.2766
3366 56.100 0.2082
3367 56.117 0.2356
3368 56.133 0.2706
3369 56.150 0.2466
3370 56.167 0.2728
3371 56.183 0.3052
3372 56.200 0.2693
3373 56.217 0.3308
3374 56.233 0.3586
3375 56.250 0.3275
3376 56.267 0.3954
3377 56.283 0.3368
3378 56.300 0.4240
3379 56.317 0.3131
3380 56.333 0.3503
3381 56.350 0.3032
3382 56.367 0.2908
3383 56.383 0.3486
3384 56.400 0.3070
3385 56.417 0.2751
3386 56.433 0.2685
3387 56.450 0.3892
3388 56.467 0.2375
3389 56.483 0.2402
3390 56.500 0.2062
3391 56.517 0.1979
3392 56.533 0.1784
3393 56.550 0.1597
3394 56.567 0.1464
3395 56.583 0.1293
3396 56.600 0.1068
3397 56.617 0.1208
3398 56.633 0.0819
3399 56.650 0.0842
3400 56.667 0.0627
3401 56.683 0.0576
3402 56.700 0.0529
3403 56.717 0.0582
3404 56.733 0.0461
3405 56.750 0.0478
3406 56.767 0.0357
3407 56.783 0.0382
3408 56.800 0.0321
3409 56.817 0.0263
3410 56.833 0.0262
3411 56.850 0.0168
3412 56.867 0.0141
3413 56.883 0.0150
3414 56.900 0.0105
3415 56.917 0.0124
3416 56.933 0.0062
3417 56.950 0.0000
3418 56.967 0.0069
3419 56.983 0.0003
3420 57.000 0.0001
3421 57.017 0.0000
3422 57.033 0.0040
3423 57.050 0.0002
3424 57.067 0.0000
3425 57.083 0.0000
3426 57.100 0.0002
3427 57.117 0.0002
3428 57.133 0.0000
3429 57.150 0.0000
3430 57.167 0.0002
3431 57.183 0.0002
3432 57.200 0.0000
3433 57.217 0.0000
3434 57.233 0.0002
3435 57.250 0.0002
3436 57.267 0.0000
3437 57.283 0.0000
3438 57.300 0.0002
3439 57.317 0.0002
3440 57.333 0.0000
3441 57.350 0.0000
3442 57.367 0.0002
3443 57.383 0.0002
3444 57.400 0.0000
3445 57.417 0.0000
3446 57.433 0.0002
3447 57.450 0.0004
3448 57.467 0.0000
3449 57.483 0.0000
3450 57.500 0.0002
3451 57.517 0.0002
3452 57.533 0.0000
3453 57.550 0.0000
3454 57.567 0.0002
3455 57.583 0.0002
3456 57.600 0.0000
3457 57.617 0.0000
3458 57.633 0.0002
3459 57.650 0.0004
3460 57.667 0.0000
3461 57.683 0.0000
3462 57.700 0.0002
3463 57.717 0.0002
3464 57.733 0.0000
3465 57.750 0.0000
3466 57.767 0.0002
3467 57.783 0.0003
3468 57.800 0.0001
3469 57.817 0.2418
3470 57.833 0.1596
3471 57.850 0.4282
3472 57.867 0.4529
3473 57.883 0.5346
3474 57.900 0.7429
3475 57.917 0.8740
3476 57.933 1.0117
3477 57.950 1.0051
3478 57.967 0.9436
3479 57.983 0.7863
3480 58.000 0.6559
3481 58.017 2.2209
3482 58.033 2.0604
3483 58.050 2.0670
3484 58.067 1.5363
3485 58.083 1.0471
3486 58.100 1.2057
3487 58.117 1.6091
3488 58.133 2.1426
3489 58.150 2.4861
3490 58.167 2.3800
3491 58.183 2.5747
3492 58.200 4.1454
3493 58.217 6.3017
3494 58.233 6.9622
3495 58.250 8.5049
3496 58.267 8.7283
3497 58.283 8.3450
3498 58.300 8.1374
3499 58.317 8.2187
3500 58.333 8.1753
3501 58.350 7.7973
3502 58.367 8.0368
3503 58.383 7.5698
3504 58.400 7.5073
3505 58.417 7.7763
3506 58.433 8.0875
3507 58.450 8.5790
3508 58.467 8.6974
3509 58.483 8.1781
3510 58.500 8.0603
3511 58.517 8.2475
3512 58.533 8.3264
3513 58.550 8.4370
3514 58.567 8.2255
3515 58.583 7.9482
3516 58.600 7.2467
3517 58.617 6.9965
3518 58.633 6.6371
3519 58.650 6.5736
3520 58.667 6.3000
3521 58.683 6.0381
3522 58.700 5.8269
3523 58.717 6.0831
3524 58.733 6.2210
3525 58.750 5.5832
3526 58.767 5.4118
3527 58.783 5.3961
3528 58.800 5.2740
3529 58.817 4.8983
3530 58.833 4.5797
3531 58.850 4.6493
3532 58.867 4.5233
3533 58.883 4.5897
3534 58.900 4.4307
3535 58.917 4.1994
3536 58.933 4.0097
3537 58.950 3.7758
3538 58.967 3.6502
3539 58.983 3.5058
3540 59.000 3.4524
3541 59.017 3.3053
3542 59.033 3.1644
3543 59.050 3.0812
3544 59.067 2.9688
3545 59.083 2.8662
3546 59.100 2.7966
3547 59.117 2.7444
3548 59.133 2.6904
3549 59.150 2.6285
3550 59.167 2.6290
3551 59.183 2.6178
3552 59.200 2.5889
3553 59.217 2.5725
3554 59.233 2.5086
3555 59.250 2.4132
3556 59.267 2.3737
3557 59.283 2.2596
3558 59.300 2.1675
3559 59.317 2.0309
3560 59.333 1.8897
3561 59.350 1.7673
3562 59.367 1.6634
3563 59.383 1.4673
3564 59.400 1.2180
3565 59.417 1.2172
3566 59.433 0.9554
3567 59.450 0.8673
3568 59.467 0.6224
3569 59.483 0.4339
3570 59.500 0.2997
3571 59.517 0.2849
3572 59.533 0.3131
3573 59.550 0.1232
3574 59.567 0.0597
3575 59.583 0.0214
3576 59.600 0.0018
3577 59.617 0.0004
3578 59.633 0.0004
3579 59.650 0.0012
3580 59.667 0.0011
3581 59.683 0.0000
3582 59.700 0.0000
3583 59.717 0.0005
3584 59.733 0.0005
3585 59.750 0.0000
3586 59.767 0.0000
3587 59.783 0.0004
3588 59.800 0.0004
3589 59.817 0.0000
3590 59.833 0.0000
3591 59.850 0.0004
3592 59.867 0.0004
3593 59.883 0.0000
3594 59.900 0.0000
3595 59.917 0.0004
3596 59.933 0.0004
3597 59.950 0.0000
3598 59.967 0.0000
3599 59.983 0.0004