1 0.017 0.0000
2 0.033 0.0000
3 0.050 0.0001
4 0.067 0.0001
5 0.083 0.0026
6 0.100 0.0135
7 0.117 0.0376
8 0.133 0.0780
9 0.150 0.1383
10 0.167 0.2218
11 0.183 0.3267
12 0.200 0.4606
13 0.217 0.6116
14 0.233 0.7743
15 0.250 0.9700
16 0.267 1.1675
17 0.283 1.3607
18 0.300 1.5526
19 0.317 1.7333
20 0.333 1.9111
21 0.350 2.0719
22 0.367 2.4291
23 0.383 2.7248
24 0.400 2.7980
25 0.417 2.7745
26 0.433 2.5900
27 0.450 2.3643
28 0.467 2.2617
29 0.483 1.7382
30 0.500 1.4702
31 0.517 1.1969
32 0.533 1.2449
33 0.550 1.4200
34 0.567 1.3642
35 0.583 1.4662
36 0.600 1.5723
37 0.617 1.6823
38 0.633 1.7740
39 0.650 2.0531
40 0.667 2.4871
41 0.683 3.1134
42 0.700 1.8471
43 0.717 1.4794
44 0.733 1.0816
45 0.750 1.2684
46 0.767 0.8599
47 0.783 0.5704
48 0.800 3.2218
49 0.817 0.4068
50 0.833 0.3215
51 0.850 0.5753
52 0.867 0.3756
53 0.883 1.0405
54 0.900 2.1999
55 0.917 0.3372
56 0.933 0.3650
57 0.950 0.5178
58 0.967 2.3276
59 0.983 1.0011
60 1.000 0.5973
61 1.017 0.5274
62 1.033 2.8720
63 1.050 0.5982
64 1.067 0.4654
65 1.083 0.4974
66 1.100 2.9257
67 1.117 0.5380
68 1.133 0.8292
69 1.150 2.9673
70 1.167 0.5678
71 1.183 0.6049
72 1.200 3.0247
73 1.217 0.6122
74 1.233 1.4082
75 1.250 2.4682
76 1.267 0.9636
77 1.283 3.0120
78 1.300 0.6100
79 1.317 0.6184
80 1.333 3.0355
81 1.350 0.4518
82 1.367 0.7328
83 1.383 3.0259
84 1.400 0.9146
85 1.417 0.7600
86 1.433 3.5214
87 1.450 1.0988
88 1.467 1.0902
89 1.483 0.9542
90 1.500 3.0175
91 1.517 0.5806
92 1.533 0.8862
93 1.550 0.5816
94 1.567 2.9907
95 1.583 0.4809
96 1.600 0.3651
97 1.617 0.3180
98 1.633 0.9482
99 1.650 2.1803
100 1.667 0.3196
101 1.683 0.4168
102 1.700 0.2432
103 1.717 0.2411
104 1.733 1.5084
105 1.750 1.4810
106 1.767 0.2238
107 1.783 0.2520
108 1.800 0.1713
109 1.817 0.2092
110 1.833 0.2099
111 1.850 0.1665
112 1.867 1.6209
113 1.883 1.5250
114 1.900 0.1579
115 1.917 0.2512
116 1.933 0.2489
117 1.950 0.4526
118 1.967 0.4014
119 1.983 0.4460
120 2.000 0.5805
121 2.017 0.5571
122 2.033 0.4098
123 2.050 0.3965
124 2.067 0.2739
125 2.083 0.2058
126 2.100 0.1917
127 2.117 3.0452
128 2.133 0.0713
129 2.150 0.0426
130 2.167 0.0404
131 2.183 0.0411
132 2.200 0.0720
133 2.217 0.0318
134 2.233 0.0400
135 2.250 0.0168
136 2.267 0.0715
137 2.283 0.0243
138 2.300 0.0122
139 2.317 0.0172
140 2.333 0.0258
141 2.350 0.0074
142 2.367 0.0125
143 2.383 0.0006
144 2.400 0.0117
145 2.417 0.0130
146 2.433 0.0001
147 2.450 0.0006
148 2.467 0.0015
149 2.483 0.0001
150 2.500 0.0003
151 2.517 0.0012
152 2.533 0.0043
153 2.550 0.0044
154 2.567 0.2439
155 2.583 0.2487
156 2.600 0.2688
157 2.617 0.9879
158 2.633 1.0474
159 2.650 1.0117
160 2.667 1.3865
161 2.683 1.2664
162 2.700 1.5433
163 2.717 1.9893
164 2.733 1.6129
165 2.750 1.4250
166 2.767 1.2581
167 2.783 0.9763
168 2.800 0.7736
169 2.817 1.2650
170 2.833 1.0760
171 2.850 0.9277
172 2.867 0.8402
173 2.883 0.8095
174 2.900 0.8303
175 2.917 0.8042
176 2.933 0.8506
177 2.950 0.9087
178 2.967 2.3163
179 2.983 0.8873
180 3.000 0.9549
181 3.017 0.8715
182 3.033 0.9245
183 3.050 0.9520
184 3.067 1.0325
185 3.083 0.9583
186 3.100 0.9742
187 3.117 0.9416
188 3.133 0.9398
189 3.150 2.3917
190 3.167 2.0216
191 3.183 0.6823
192 3.200 0.6514
193 3.217 0.6071
194 3.233 0.6201
195 3.250 0.5893
196 3.267 0.5943
197 3.283 0.7833
198 3.300 1.5560
199 3.317 0.6648
200 3.333 0.8306
201 3.350 0.7677
202 3.367 2.2837
203 3.383 2.3312
204 3.400 0.8383
205 3.417 0.7731
206 3.433 0.6814
207 3.450 0.6062
208 3.467 1.8881
209 3.483 0.6634
210 3.500 0.5039
211 3.517 2.2941
212 3.533 1.7295
213 3.550 0.5693
214 3.567 0.6664
215 3.583 1.4173
216 3.600 0.6202
217 3.617 0.4295
218 3.633 2.4859
219 3.650 0.8955
220 3.667 0.6047
221 3.683 1.2935
222 3.700 0.5954
223 3.717 1.8211
224 3.733 1.9519
225 3.750 0.6453
226 3.767 0.6117
227 3.783 1.3532
228 3.800 1.8367
229 3.817 1.6242
230 3.833 0.6230
231 3.850 0.5228
232 3.867 1.6694
233 3.883 0.5115
234 3.900 2.2344
235 3.917 1.3587
236 3.933 0.6532
237 3.950 0.5919
238 3.967 0.7831
239 3.983 1.8009
240 4.000 0.4862
241 4.017 2.1265
242 4.033 0.6326
243 4.050 1.9162
244 4.067 0.5937
245 4.083 0.6297
246 4.100 0.6288
247 4.117 1.1956
248 4.133 1.2858
249 4.150 0.5907
250 4.167 1.3744
251 4.183 1.3931
252 4.200 0.4505
253 4.217 1.8362
254 4.233 0.3713
255 4.250 0.3864
256 4.267 0.3106
257 4.283 0.4125
258 4.300 0.3537
259 4.317 0.3199
260 4.333 1.0368
261 4.350 1.0161
262 4.367 0.3227
263 4.383 0.3619
264 4.400 0.3725
265 4.417 0.3380
266 4.433 2.1334
267 4.450 0.3099
268 4.467 0.2987
269 4.483 0.2423
270 4.500 0.2425
271 4.517 0.2566
272 4.533 0.2208
273 4.550 1.8066
274 4.567 0.2286
275 4.583 0.2123
276 4.600 0.1381
277 4.617 0.1266
278 4.633 0.1124
279 4.650 0.1399
280 4.667 0.1050
281 4.683 0.0935
282 4.700 0.1372
283 4.717 0.0961
284 4.733 0.0399
285 4.750 0.0254
286 4.767 0.0299
287 4.783 0.0029
288 4.800 0.0086
289 4.817 0.0133
290 4.833 0.0157
291 4.850 0.0003
292 4.867 0.0073
293 4.883 0.0019
294 4.900 0.0057
295 4.917 0.0013
296 4.933 0.0001
297 4.950 0.0003
298 4.967 0.0003
299 4.983 0.0001
300 5.000 0.0000
301 5.017 0.0002
302 5.033 0.0009
303 5.050 0.0002
304 5.067 0.1250
305 5.083 0.0769
306 5.100 0.1914
307 5.117 0.7780
308 5.133 0.7213
309 5.150 0.6948
310 5.167 0.7420
311 5.183 1.1567
312 5.200 1.4787
313 5.217 2.0122
314 5.233 2.1125
315 5.250 2.2313
316 5.267 2.4787
317 5.283 2.4257
318 5.300 2.2057
319 5.317 2.2424
320 5.333 2.7870
321 5.350 2.7220
322 5.367 2.7136
323 5.383 2.5681
324 5.400 2.8612
325 5.417 2.6229
326 5.433 2.2507
327 5.450 2.1991
328 5.467 2.0442
329 5.483 2.0020
330 5.500 1.8949
331 5.517 1.6992
332 5.533 1.5907
333 5.550 1.4555
334 5.567 1.3898
335 5.583 1.2941
336 5.600 1.1330
337 5.617 1.0545
338 5.633 0.9768
339 5.650 0.7973
340 5.667 0.7946
341 5.683 0.6904
342 5.700 0.6388
343 5.717 0.6104
344 5.733 0.5580
345 5.750 0.4910
346 5.767 0.5484
347 5.783 0.5644
348 5.800 0.5910
349 5.817 0.5791
350 5.833 1.3512
351 5.850 0.5717
352 5.867 0.6355
353 5.883 0.4542
354 5.900 0.5736
355 5.917 0.4932
356 5.933 0.3511
357 5.950 0.5665
358 5.967 0.3484
359 5.983 0.2950
360 6.000 0.3797
361 6.017 0.4398
362 6.033 0.3762
363 6.050 1.6720
364 6.067 0.3462
365 6.083 0.4209
366 6.100 0.2894
367 6.117 0.3385
368 6.133 0.2198
369 6.150 0.3465
370 6.167 0.2700
371 6.183 0.2640
372 6.200 1.2586
373 6.217 0.2512
374 6.233 0.2088
375 6.250 0.2381
376 6.267 0.1974
377 6.283 0.1978
378 6.300 0.2421
379 6.317 0.2423
380 6.333 0.2445
381 6.350 0.2891
382 6.367 0.3163
383 6.383 0.3378
384 6.400 0.3678
385 6.417 0.8788
386 6.433 0.9038
387 6.450 0.4267
388 6.467 0.4337
389 6.483 0.4538
390 6.500 0.4723
391 6.517 1.7940
392 6.533 0.5383
393 6.550 0.5046
394 6.567 0.5101
395 6.583 0.7966
396 6.600 1.2566
397 6.617 0.4964
398 6.633 0.4951
399 6.650 0.4849
400 6.667 0.5088
401 6.683 0.5377
402 6.700 0.5616
403 6.717 0.6029
404 6.733 1.5910
405 6.750 0.6183
406 6.767 0.6078
407 6.783 1.0014
408 6.800 1.5507
409 6.817 0.6156
410 6.833 0.6523
411 6.850 1.6191
412 6.867 0.7075
413 6.883 0.6886
414 6.900 0.6888
415 6.917 0.7072
416 6.933 0.7077
417 6.950 1.1238
418 6.967 1.1182
419 6.983 0.6917
420 7.000 1.7807
421 7.017 1.1811
422 7.033 0.7763
423 7.050 1.7842
424 7.067 0.8228
425 7.083 0.7993
426 7.100 0.8265
427 7.117 0.8409
428 7.133 1.5609
429 7.150 1.1260
430 7.167 0.8302
431 7.183 2.1185
432 7.200 0.8489
433 7.217 1.6971
434 7.233 0.7083
435 7.250 0.7465
436 7.267 0.7230
437 7.283 0.7114
438 7.300 1.6338
439 7.317 0.6976
440 7.333 1.9830
441 7.350 0.6740
442 7.367 0.8982
443 7.383 1.3648
444 7.400 0.6366
445 7.417 0.5661
446 7.433 0.5705
447 7.450 0.5372
448 7.467 1.5065
449 7.483 0.5309
450 7.500 0.9365
451 7.517 1.4909
452 7.533 0.5380
453 7.550 0.9735
454 7.567 0.9493
455 7.583 0.4505
456 7.600 0.4606
457 7.617 0.4420
458 7.633 0.4579
459 7.650 0.4688
460 7.667 1.4546
461 7.683 0.4619
462 7.700 0.5014
463 7.717 1.5818
464 7.733 0.8936
465 7.750 0.4827
466 7.767 0.4605
467 7.783 1.4005
468 7.800 0.3730
469 7.817 0.3626
470 7.833 0.3461
471 7.850 0.3999
472 7.867 0.3540
473 7.883 0.4210
474 7.900 0.4156
475 7.917 1.1337
476 7.933 0.6657
477 7.950 0.3615
478 7.967 0.3903
479 7.983 0.4097
480 8.000 1.7609
481 8.017 0.4142
482 8.033 0.3892
483 8.050 0.3729
484 8.067 0.3623
485 8.083 0.8731
486 8.100 0.8871
487 8.117 0.3027
488 8.133 0.3007
489 8.150 0.2626
490 8.167 0.2629
491 8.183 0.2486
492 8.200 0.2316
493 8.217 0.2022
494 8.233 0.1592
495 8.250 0.1885
496 8.267 0.2307
497 8.283 0.2053
498 8.300 0.2385
499 8.317 1.2046
500 8.333 0.2639
501 8.350 0.1584
502 8.367 0.1776
503 8.383 0.1419
504 8.400 0.1759
505 8.417 0.1205
506 8.433 0.1181
507 8.450 0.1345
508 8.467 1.4651
509 8.483 0.0804
510 8.500 0.0618
511 8.517 0.0634
512 8.533 0.0586
513 8.550 0.0413
514 8.567 0.0067
515 8.583 0.0406
516 8.600 0.0064
517 8.617 0.0002
518 8.633 0.0000
519 8.650 0.0000
520 8.667 0.0211
521 8.683 1.0429
522 8.700 0.0001
523 8.717 0.0496
524 8.733 0.0005
525 8.750 0.0247
526 8.767 0.0000
527 8.783 0.0243
528 8.800 0.0002
529 8.817 0.0123
530 8.833 0.0121
531 8.850 0.0105
532 8.867 0.0349
533 8.883 0.0002
534 8.900 0.0000
535 8.917 0.0000
536 8.933 0.0002
537 8.950 0.0244
538 8.967 0.0000
539 8.983 0.0000
540 9.000 0.0002
541 9.017 0.0002
542 9.033 0.0000
543 9.050 0.0000
544 9.067 0.0002
545 9.083 0.0002
546 9.100 0.0000
547 9.117 0.0000
548 9.133 0.0186
549 9.150 0.0070
550 9.167 0.0000
551 9.183 0.0000
552 9.200 0.0002
553 9.217 0.0002
554 9.233 0.0000
555 9.250 0.0000
556 9.267 0.0002
557 9.283 0.0003
558 9.300 0.0000
559 9.317 0.0000
560 9.333 0.0002
561 9.350 0.0002
562 9.367 0.0000
563 9.383 0.0000
564 9.400 0.0002
565 9.417 0.0002
566 9.433 0.0000
567 9.450 0.0000
568 9.467 0.0002
569 9.483 0.0002
570 9.500 0.0000
571 9.517 0.0022
572 9.533 0.0263
573 9.550 0.0668
574 9.567 0.4804
575 9.583 0.2982
576 9.600 1.9570
577 9.617 0.9926
578 9.633 2.2135
579 9.650 1.6599
580 9.667 2.5380
581 9.683 2.6418
582 9.700 2.5082
583 9.717 2.1094
584 9.733 2.2765
585 9.750 2.0389
586 9.767 1.9431
587 9.783 2.0221
588 9.800 2.0151
589 9.817 2.2145
590 9.833 2.3554
591 9.850 2.2873
592 9.867 2.2528
593 9.883 2.0646
594 9.900 1.9276
595 9.917 1.8673
596 9.933 1.7810
597 9.950 1.7467
598 9.967 1.7902
599 9.983 1.8169
600 10.000 1.9653
601 10.017 2.0852
602 10.033 2.2205
603 10.050 2.3525
604 10.067 2.4590
605 10.083 2.5679
606 10.100 2.5545
607 10.117 2.4917
608 10.133 2.6197
609 10.150 2.6342
610 10.167 2.6740
611 10.183 2.8044
612 10.200 2.7572
613 10.217 2.8349
614 10.233 3.1739
615 10.250 3.3914
616 10.267 3.3422
617 10.283 3.3695
618 10.300 3.3867
619 10.317 3.2933
620 10.333 3.3840
621 10.350 3.2580
622 10.367 3.1719
623 10.383 3.1047
624 10.400 3.0590
625 10.417 3.0176
626 10.433 3.0053
627 10.450 3.0017
628 10.467 2.9918
629 10.483 2.9293
630 10.500 3.1019
631 10.517 3.0522
632 10.533 3.0855
633 10.550 3.1097
634 10.567 3.1384
635 10.583 3.1763
636 10.600 3.1548
637 10.617 3.1059
638 10.633 3.0639
639 10.650 2.9800
640 10.667 2.7085
641 10.683 2.7299
642 10.700 2.6118
643 10.717 2.4129
644 10.733 2.3314
645 10.750 2.0934
646 10.767 1.8360
647 10.783 1.8135
648 10.800 1.4093
649 10.817 1.5205
650 10.833 1.2922
651 10.850 1.0818
652 10.867 0.6175
653 10.883 1.0411
654 10.900 0.4316
655 10.917 0.9589
656 10.933 0.1924
657 10.950 0.1885
658 10.967 0.1918
659 10.983 0.1933
660 11.000 0.1680
661 11.017 0.0505
662 11.033 0.0730
663 11.050 0.1076
664 11.067 0.1424
665 11.083 0.1674
666 11.100 0.2140
667 11.117 0.2423
668 11.133 0.2462
669 11.150 0.3012
670 11.167 0.2996
671 11.183 0.3117
672 11.200 0.3339
673 11.217 0.3157
674 11.233 0.2929
675 11.250 0.3013
676 11.267 0.2780
677 11.283 0.2657
678 11.300 0.2808
679 11.317 0.2848
680 11.333 0.3294
681 11.350 0.3610
682 11.367 0.4187
683 11.383 0.4647
684 11.400 0.5300
685 11.417 0.5716
686 11.433 0.6071
687 11.450 0.6489
688 11.467 0.6980
689 11.483 0.7419
690 11.500 0.7611
691 11.517 0.7696
692 11.533 0.7904
693 11.550 0.8010
694 11.567 0.8159
695 11.583 0.8285
696 11.600 0.8202
697 11.617 0.8099
698 11.633 0.8018
699 11.650 0.7778
700 11.667 0.7571
701 11.683 0.7230
702 11.700 0.6776
703 11.717 0.6532
704 11.733 0.6165
705 11.750 0.5739
706 11.767 0.5304
707 11.783 0.4950
708 11.800 0.4327
709 11.817 0.3754
710 11.833 0.3328
711 11.850 0.2929
712 11.867 0.2586
713 11.883 0.2200
714 11.900 0.1641
715 11.917 0.1608
716 11.933 0.1232
717 11.950 0.0936
718 11.967 0.0844
719 11.983 0.0565
720 12.000 0.0492
721 12.017 1.1014
722 12.033 1.3903
723 12.050 1.3583
724 12.067 1.4283
725 12.083 1.4089
726 12.100 2.5263
727 12.117 2.5875
728 12.133 2.5377
729 12.150 2.4637
730 12.167 2.6805
731 12.183 3.5086
732 12.200 3.7537
733 12.217 3.3708
734 12.233 3.2979
735 12.250 3.7042
736 12.267 4.0104
737 12.283 3.9175
738 12.300 3.8807
739 12.317 3.8137
740 12.333 3.5814
741 12.350 3.4689
742 12.367 3.3981
743 12.383 3.1929
744 12.400 2.9960
745 12.417 2.8373
746 12.433 2.6469
747 12.450 2.5985
748 12.467 2.4419
749 12.483 2.2677
750 12.500 2.0378
751 12.517 1.9035
752 12.533 1.8636
753 12.550 1.6944
754 12.567 1.7102
755 12.583 1.6260
756 12.600 1.6062
757 12.617 1.7419
758 12.633 1.7129
759 12.650 1.8440
760 12.667 2.0419
761 12.683 2.1044
762 12.700 2.1285
763 12.717 2.5289
764 12.733 2.1315
765 12.750 2.2694
766 12.767 2.1909
767 12.783 2.1916
768 12.800 1.5978
769 12.817 2.2391
770 12.833 1.6849
771 12.850 1.9099
772 12.867 1.5764
773 12.883 1.5972
774 12.900 1.4768
775 12.917 1.3285
776 12.933 0.9402
777 12.950 1.3638
778 12.967 1.3586
779 12.983 1.1982
780 13.000 0.6524
781 13.017 1.3959
782 13.033 0.4747
783 13.050 1.2267
784 13.067 0.4007
785 13.083 0.7718
786 13.100 0.8532
787 13.117 0.2242
788 13.133 0.3003
789 13.150 1.1961
790 13.167 0.2687
791 13.183 0.1703
792 13.200 0.1138
793 13.217 0.1684
794 13.233 0.1351
795 13.250 1.1762
796 13.267 0.0818
797 13.283 0.1106
798 13.300 0.1469
799 13.317 0.2162
800 13.333 0.1467
801 13.350 0.1324
802 13.367 0.1397
803 13.383 0.1537
804 13.400 0.1723
805 13.417 0.1865
806 13.433 0.2191
807 13.450 0.2410
808 13.467 0.2577
809 13.483 0.2711
810 13.500 0.2924
811 13.517 0.2853
812 13.533 0.2942
813 13.550 0.2863
814 13.567 0.3060
815 13.583 0.3066
816 13.600 0.3257
817 13.617 0.3028
818 13.633 0.3098
819 13.650 0.2891
820 13.667 0.2731
821 13.683 0.2748
822 13.700 0.2644
823 13.717 0.2596
824 13.733 0.2728
825 13.750 0.2546
826 13.767 0.2299
827 13.783 0.2276
828 13.800 0.2067
829 13.817 0.1949
830 13.833 0.2055
831 13.850 0.1919
832 13.867 0.1899
833 13.883 0.1875
834 13.900 0.1756
835 13.917 0.1664
836 13.933 0.1631
837 13.950 0.1635
838 13.967 0.1573
839 13.983 0.1578
840 14.000 0.1625
841 14.017 0.1642
842 14.033 0.1509
843 14.050 0.1507
844 14.067 0.1564
845 14.083 0.1396
846 14.100 0.2095
847 14.117 0.2053
848 14.133 0.1845
849 14.150 0.2090
850 14.167 0.2917
851 14.183 0.2596
852 14.200 0.2901
853 14.217 0.3066
854 14.233 0.3301
855 14.250 0.3480
856 14.267 0.3517
857 14.283 0.3690
858 14.300 0.3985
859 14.317 0.3996
860 14.333 0.4137
861 14.350 0.4148
862 14.367 0.4152
863 14.383 0.4231
864 14.400 0.4145
865 14.417 0.4030
866 14.433 0.3991
867 14.450 0.3819
868 14.467 0.3642
869 14.483 0.3818
870 14.500 0.4119
871 14.517 0.4768
872 14.533 0.5431
873 14.550 0.5682
874 14.567 0.6177
875 14.583 0.5866
876 14.600 0.4997
877 14.617 0.4184
878 14.633 0.3547
879 14.650 0.2485
880 14.667 0.1900
881 14.683 0.1565
882 14.700 0.1779
883 14.717 0.0516
884 14.733 0.0480
885 14.750 0.0385
886 14.767 0.0263
887 14.783 0.0200
888 14.800 0.0155
889 14.817 0.0103
890 14.833 0.0075
891 14.850 0.0059
892 14.867 0.0001
893 14.883 0.0000
894 14.900 0.0000
895 14.917 0.0001
896 14.933 0.0001
897 14.950 0.0000
898 14.967 0.0000
899 14.983 0.0001