1 0.017 0.000
2 0.033 0.000
3 0.050 0.000
4 0.067 0.710
5 0.083 1.675
6 0.100 1.703
7 0.117 1.692
8 0.133 1.872
9 0.150 2.463
10 0.167 2.715
11 0.183 3.276
12 0.200 3.586
13 0.217 4.129
14 0.233 4.376
15 0.250 4.818
16 0.267 5.081
17 0.283 5.246
18 0.300 5.717
19 0.317 5.742
20 0.333 6.041
21 0.350 6.287
22 0.367 6.213
23 0.383 6.441
24 0.400 6.654
25 0.417 6.658
26 0.433 6.537
27 0.450 6.371
28 0.467 6.477
29 0.483 6.125
30 0.500 6.356
31 0.517 5.832
32 0.533 5.495
33 0.550 4.793
34 0.567 4.703
35 0.583 3.362
36 0.600 4.680
37 0.617 2.605
38 0.633 2.126
39 0.650 2.484
40 0.667 3.137
41 0.683 1.422
42 0.700 2.141
43 0.717 0.798
44 0.733 3.795
45 0.750 1.186
46 0.767 1.187
47 0.783 2.060
48 0.800 2.080
49 0.817 2.294
50 0.833 2.643
51 0.850 3.008
52 0.867 2.267
53 0.883 2.118
54 0.900 3.317
55 0.917 3.766
56 0.933 3.507
57 0.950 3.738
58 0.967 4.125
59 0.983 4.097
60 1.000 4.368
61 1.017 4.506
62 1.033 4.821
63 1.050 4.343
64 1.067 3.983
65 1.083 4.907
66 1.100 4.719
67 1.117 5.021
68 1.133 4.689
69 1.150 5.174
70 1.167 5.284
71 1.183 5.166
72 1.200 5.285
73 1.217 5.536
74 1.233 5.808
75 1.250 5.948
76 1.267 6.051
77 1.283 6.109
78 1.300 6.105
79 1.317 6.101
80 1.333 6.074
81 1.350 6.422
82 1.367 6.424
83 1.383 6.491
84 1.400 6.636
85 1.417 6.605
86 1.433 6.525
87 1.450 6.897
88 1.467 7.010
89 1.483 6.613
90 1.500 6.403
91 1.517 6.644
92 1.533 6.806
93 1.550 6.522
94 1.567 6.551
95 1.583 6.786
96 1.600 6.499
97 1.617 6.254
98 1.633 6.659
99 1.650 6.428
100 1.667 6.694
101 1.683 6.303
102 1.700 5.869
103 1.717 6.023
104 1.733 5.608
105 1.750 5.942
106 1.767 5.328
107 1.783 5.472
108 1.800 4.986
109 1.817 5.042
110 1.833 4.958
111 1.850 4.838
112 1.867 5.008
113 1.883 4.605
114 1.900 4.608
115 1.917 4.452
116 1.933 4.082
117 1.950 4.091
118 1.967 4.259
119 1.983 4.212
120 2.000 3.906
121 2.017 4.102
122 2.033 4.101
123 2.050 4.019
124 2.067 3.693
125 2.083 3.543
126 2.100 3.745
127 2.117 3.778
128 2.133 3.763
129 2.150 3.848
130 2.167 3.607
131 2.183 3.132
132 2.200 3.346
133 2.217 3.434
134 2.233 3.399
135 2.250 3.147
136 2.267 3.046
137 2.283 3.195
138 2.300 2.880
139 2.317 2.726
140 2.333 2.615
141 2.350 2.643
142 2.367 2.416
143 2.383 2.239
144 2.400 2.238
145 2.417 2.116
146 2.433 1.861
147 2.450 1.597
148 2.467 1.776
149 2.483 1.528
150 2.500 1.279
151 2.517 1.191
152 2.533 1.199
153 2.550 0.621
154 2.567 0.645
155 2.583 1.269
156 2.600 0.121
157 2.617 1.307
158 2.633 0.082
159 2.650 1.237
160 2.667 0.025
161 2.683 0.010
162 2.700 0.003
163 2.717 1.188
164 2.733 8.198
165 2.750 1.784
166 2.767 0.000
167 2.783 0.000
168 2.800 0.000
169 2.817 0.000
170 2.833 0.000
171 2.850 0.000
172 2.867 0.000
173 2.883 0.000
174 2.900 0.000
175 2.917 0.001
176 2.933 0.057
177 2.950 1.727
178 2.967 3.574
179 2.983 4.260
180 3.000 5.453
181 3.017 6.291
182 3.033 6.359
183 3.050 6.306
184 3.067 5.959
185 3.083 5.954
186 3.100 5.805
187 3.117 5.610
188 3.133 5.615
189 3.150 5.503
190 3.167 5.218
191 3.183 4.583
192 3.200 4.166
193 3.217 4.369
194 3.233 5.017
195 3.250 5.752
196 3.267 6.079
197 3.283 5.891
198 3.300 5.476
199 3.317 5.593
200 3.333 5.936
201 3.350 6.013
202 3.367 6.181
203 3.383 5.842
204 3.400 5.341
205 3.417 5.060
206 3.433 4.598
207 3.450 4.064
208 3.467 3.636
209 3.483 3.400
210 3.500 3.573
211 3.517 2.672
212 3.533 1.177
213 3.550 0.913
214 3.567 1.185
215 3.583 0.126
216 3.600 0.011
217 3.617 1.287
218 3.633 0.000
219 3.650 0.001
220 3.667 0.135
221 3.683 0.136
222 3.700 0.271
223 3.717 4.244
224 3.733 6.462
225 3.750 0.013
226 3.767 0.013
227 3.783 0.036
228 3.800 1.317
229 3.817 0.000
230 3.833 0.001
231 3.850 2.508
232 3.867 1.977
233 3.883 0.000
234 3.900 0.027
235 3.917 0.078
236 3.933 0.098
237 3.950 0.166
238 3.967 0.364
239 3.983 0.283
240 4.000 0.283
241 4.017 0.250
242 4.033 0.416
243 4.050 0.417
244 4.067 0.429
245 4.083 0.619
246 4.100 0.521
247 4.117 0.697
248 4.133 0.637
249 4.150 0.804
250 4.167 1.063
251 4.183 1.240
252 4.200 1.493
253 4.217 1.866
254 4.233 2.252
255 4.250 2.345
256 4.267 2.724
257 4.283 3.053
258 4.300 3.029
259 4.317 3.343
260 4.333 3.536
261 4.350 3.401
262 4.367 3.530
263 4.383 3.650
264 4.400 3.729
265 4.417 3.657
266 4.433 3.525
267 4.450 3.449
268 4.467 3.753
269 4.483 3.750
270 4.500 3.779
271 4.517 3.712
272 4.533 3.536
273 4.550 2.968
274 4.567 2.848
275 4.583 2.548
276 4.600 1.880
277 4.617 2.019
278 4.633 1.755
279 4.650 0.822
280 4.667 1.129
281 4.683 0.819
282 4.700 0.791
283 4.717 0.239
284 4.733 0.226
285 4.750 0.231
286 4.767 0.240
287 4.783 0.228
288 4.800 0.201
289 4.817 0.185
290 4.833 0.517
291 4.850 0.904
292 4.867 0.123
293 4.883 0.164
294 4.900 0.091
295 4.917 0.078
296 4.933 0.359
297 4.950 0.065
298 4.967 0.050
299 4.983 1.176
300 5.000 0.085
301 5.017 0.019
302 5.033 0.019
303 5.050 0.004
304 5.067 0.005
305 5.083 0.007
306 5.100 0.006
307 5.117 0.069
308 5.133 0.012
309 5.150 0.032
310 5.167 0.007
311 5.183 0.007
312 5.200 0.012
313 5.217 0.015
314 5.233 7.234
315 5.250 0.047
316 5.267 0.078
317 5.283 0.000
318 5.300 2.025
319 5.317 1.736
320 5.333 0.000
321 5.350 0.000
322 5.367 3.328
323 5.383 3.376
324 5.400 0.044
325 5.417 0.000
326 5.433 1.061
327 5.450 0.002
328 5.467 0.006
329 5.483 0.015
330 5.500 0.009
331 5.517 0.015
332 5.533 0.025
333 5.550 0.024
334 5.567 0.028
335 5.583 0.033
336 5.600 0.028
337 5.617 0.025
338 5.633 0.019
339 5.650 0.036
340 5.667 0.062
341 5.683 0.107
342 5.700 0.120
343 5.717 0.136
344 5.733 0.168
345 5.750 0.107
346 5.767 0.070
347 5.783 0.108
348 5.800 0.043
349 5.817 0.016
350 5.833 0.000
351 5.850 9.500
352 5.867 0.000
353 5.883 1.350
354 5.900 7.716
355 5.917 9.500
356 5.933 0.000
357 5.950 1.543
358 5.967 0.000
359 5.983 8.439
360 6.000 0.000
361 6.017 4.005
362 6.033 6.583
363 6.050 7.110
364 6.067 7.186
365 6.083 6.791
366 6.100 6.614
367 6.117 6.469
368 6.133 5.913
369 6.150 5.541
370 6.167 4.556
371 6.183 3.292
372 6.200 3.159
373 6.217 2.886
374 6.233 3.124
375 6.250 3.136
376 6.267 3.002
377 6.283 3.207
378 6.300 3.272
379 6.317 2.989
380 6.333 2.811
381 6.350 2.836
382 6.367 2.873
383 6.383 2.904
384 6.400 2.976
385 6.417 2.968
386 6.433 2.938
387 6.450 2.816
388 6.467 2.604
389 6.483 2.627
390 6.500 2.825
391 6.517 2.682
392 6.533 2.590
393 6.550 2.103
394 6.567 1.981
395 6.583 2.051
396 6.600 1.544
397 6.617 1.607
398 6.633 1.354
399 6.650 1.208
400 6.667 1.223
401 6.683 1.586
402 6.700 0.839
403 6.717 0.836
404 6.733 0.862
405 6.750 1.117
406 6.767 0.168
407 6.783 0.184
408 6.800 0.575
409 6.817 0.246
410 6.833 0.365
411 6.850 0.508
412 6.867 0.238
413 6.883 0.202
414 6.900 0.189
415 6.917 0.501
416 6.933 0.431
417 6.950 0.300
418 6.967 0.177
419 6.983 0.177
420 7.000 0.113
421 7.017 0.143
422 7.033 0.122
423 7.050 0.092
424 7.067 0.482
425 7.083 0.399
426 7.100 0.081
427 7.117 0.149
428 7.133 0.066
429 7.150 0.086
430 7.167 0.075
431 7.183 0.064
432 7.200 0.175
433 7.217 0.186
434 7.233 0.082
435 7.250 0.154
436 7.267 0.203
437 7.283 0.234
438 7.300 0.269
439 7.317 0.303
440 7.333 0.312
441 7.350 0.346
442 7.367 0.387
443 7.383 0.413
444 7.400 0.443
445 7.417 0.418
446 7.433 0.353
447 7.450 0.327
448 7.467 0.243
449 7.483 0.162
450 7.500 0.161
451 7.517 0.115
452 7.533 0.046
453 7.550 0.057
454 7.567 0.063
455 7.583 0.064
456 7.600 0.063
457 7.617 0.135
458 7.633 0.090
459 7.650 0.151
460 7.667 0.101
461 7.683 0.095
462 7.700 0.131
463 7.717 0.137
464 7.733 0.053
465 7.750 0.095
466 7.767 0.153
467 7.783 0.156
468 7.800 0.121
469 7.817 0.201
470 7.833 0.165
471 7.850 0.143
472 7.867 0.158
473 7.883 0.051
474 7.900 0.112
475 7.917 0.043
476 7.933 0.003
477 7.950 0.108
478 7.967 0.035
479 7.983 0.063
480 8.000 0.209
481 8.017 0.175
482 8.033 0.251
483 8.050 0.297
484 8.067 0.353
485 8.083 0.462
486 8.100 0.385
487 8.117 0.339
488 8.133 0.323
489 8.150 0.299
490 8.167 0.432
491 8.183 0.617
492 8.200 0.772
493 8.217 0.812
494 8.233 0.786
495 8.250 0.847
496 8.267 0.715
497 8.283 0.788
498 8.300 0.689
499 8.317 0.621
500 8.333 0.577
501 8.350 0.536
502 8.367 0.566
503 8.383 0.514
504 8.400 0.440
505 8.417 0.375
506 8.433 0.418
507 8.450 0.371
508 8.467 0.310
509 8.483 0.309
510 8.500 0.200
511 8.517 0.089
512 8.533 0.201
513 8.550 0.088
514 8.567 0.055
515 8.583 0.072
516 8.600 0.091
517 8.617 0.093
518 8.633 0.114
519 8.650 0.136
520 8.667 0.175
521 8.683 0.222
522 8.700 0.282
523 8.717 0.329
524 8.733 0.361
525 8.750 0.409
526 8.767 0.456
527 8.783 0.514
528 8.800 0.557
529 8.817 0.628
530 8.833 0.670
531 8.850 0.693
532 8.867 0.708
533 8.883 0.735
534 8.900 0.741
535 8.917 0.786
536 8.933 0.727
537 8.950 0.805
538 8.967 1.359
539 8.983 1.338
540 9.000 1.382
541 9.017 1.895
542 9.033 1.737
543 9.050 1.745
544 9.067 1.982
545 9.083 1.715
546 9.100 1.782
547 9.117 2.334
548 9.133 2.022
549 9.150 1.996
550 9.167 2.689
551 9.183 2.279
552 9.200 2.439
553 9.217 3.005
554 9.233 2.603
555 9.250 2.645
556 9.267 3.140
557 9.283 2.915
558 9.300 2.925
559 9.317 3.346
560 9.333 2.987
561 9.350 3.138
562 9.367 3.261
563 9.383 2.980
564 9.400 3.245
565 9.417 3.155
566 9.433 2.699
567 9.450 2.793
568 9.467 2.950
569 9.483 2.905
570 9.500 3.156
571 9.517 2.873
572 9.533 2.769
573 9.550 3.040
574 9.567 2.830
575 9.583 2.479
576 9.600 2.653
577 9.617 2.184
578 9.633 2.026
579 9.650 2.330
580 9.667 2.172
581 9.683 1.749
582 9.700 1.921
583 9.717 1.462
584 9.733 1.384
585 9.750 1.578
586 9.767 1.485
587 9.783 1.136
588 9.800 1.158
589 9.817 0.734
590 9.833 0.674
591 9.850 0.850
592 9.867 0.777
593 9.883 0.441
594 9.900 0.446
595 9.917 0.044
596 9.933 8.198
597 9.950 0.040
598 9.967 0.010
599 9.983 0.010
600 10.000 0.013
601 10.017 1.616
602 10.033 1.811
603 10.050 2.127
604 10.067 2.415
605 10.083 2.696
606 10.100 3.551
607 10.117 5.156
608 10.133 3.927
609 10.150 5.632
610 10.167 4.449
611 10.183 5.921
612 10.200 6.206
613 10.217 6.254
614 10.233 6.455
615 10.250 7.204
616 10.267 7.267
617 10.283 7.915
618 10.300 7.713
619 10.317 7.501
620 10.333 7.766
621 10.350 7.967
622 10.367 8.015
623 10.383 8.103
624 10.400 7.973
625 10.417 8.011
626 10.433 7.682
627 10.450 7.536
628 10.467 7.038
629 10.483 6.707
630 10.500 6.391
631 10.517 5.906
632 10.533 5.553
633 10.550 5.185
634 10.567 4.752
635 10.583 4.341
636 10.600 3.936
637 10.617 3.515
638 10.633 3.422
639 10.650 3.058
640 10.667 2.629
641 10.683 2.063
642 10.700 2.151
643 10.717 1.866
644 10.733 1.593
645 10.750 1.252
646 10.767 1.189
647 10.783 1.580
648 10.800 1.140
649 10.817 0.899
650 10.833 1.269
651 10.850 0.985
652 10.867 1.606
653 10.883 0.813
654 10.900 1.104
655 10.917 0.801
656 10.933 0.739
657 10.950 0.663
658 10.967 0.787
659 10.983 0.690
660 11.000 0.938
661 11.017 1.354
662 11.033 1.475
663 11.050 2.689
664 11.067 1.951
665 11.083 1.773
666 11.100 2.082
667 11.117 1.850
668 11.133 2.041
669 11.150 2.141
670 11.167 1.635
671 11.183 1.541
672 11.200 1.526
673 11.217 1.059
674 11.233 0.854
675 11.250 0.681
676 11.267 0.784
677 11.283 0.597
678 11.300 0.632
679 11.317 0.691
680 11.333 0.271
681 11.350 0.454
682 11.367 0.254
683 11.383 0.444
684 11.400 0.013
685 11.417 0.015
686 11.433 0.677
687 11.450 0.011
688 11.467 0.360
689 11.483 0.611
690 11.500 1.332
691 11.517 1.577
692 11.533 2.069
693 11.550 2.318
694 11.567 2.741
695 11.583 3.070
696 11.600 3.290
697 11.617 3.348
698 11.633 3.281
699 11.650 3.111
700 11.667 3.054
701 11.683 3.025
702 11.700 2.791
703 11.717 2.909
704 11.733 2.731
705 11.750 2.673
706 11.767 2.635
707 11.783 2.558
708 11.800 2.529
709 11.817 2.571
710 11.833 2.401
711 11.850 2.159
712 11.867 2.254
713 11.883 1.951
714 11.900 1.896
715 11.917 1.620
716 11.933 1.527
717 11.950 1.453
718 11.967 0.818
719 11.983 0.770
720 12.000 0.536
721 12.017 0.629
722 12.033 0.247
723 12.050 0.545
724 12.067 0.017
725 12.083 0.001
726 12.100 0.315
727 12.117 0.058
728 12.133 0.079
729 12.150 0.112
730 12.167 0.119
731 12.183 0.136
732 12.200 0.501
733 12.217 2.819
734 12.233 3.309
735 12.250 3.297
736 12.267 3.458
737 12.283 3.353
738 12.300 3.165
739 12.317 3.457
740 12.333 3.446
741 12.350 3.250
742 12.367 3.165
743 12.383 2.873
744 12.400 2.883
745 12.417 2.782
746 12.433 2.297
747 12.450 1.692
748 12.467 1.880
749 12.483 1.450
750 12.500 1.550
751 12.517 1.300
752 12.533 1.350
753 12.550 0.988
754 12.567 0.890
755 12.583 0.638
756 12.600 0.719
757 12.617 0.781
758 12.633 0.471
759 12.650 0.501
760 12.667 0.165
761 12.683 0.252
762 12.700 0.341
763 12.717 0.360
764 12.733 0.553
765 12.750 0.298
766 12.767 0.363
767 12.783 0.380
768 12.800 0.404
769 12.817 0.375
770 12.833 0.117
771 12.850 0.032
772 12.867 0.005
773 12.883 0.001
774 12.900 0.147
775 12.917 2.835
776 12.933 4.258
777 12.950 6.348
778 12.967 6.770
779 12.983 6.584
780 13.000 6.007
781 13.017 6.133
782 13.033 5.718
783 13.050 5.222
784 13.067 5.152
785 13.083 4.765
786 13.100 5.141
787 13.117 4.243
788 13.133 4.660
789 13.150 4.308
790 13.167 4.406
791 13.183 4.545
792 13.200 4.440
793 13.217 4.798
794 13.233 4.571
795 13.250 4.998
796 13.267 5.070
797 13.283 5.256
798 13.300 5.501
799 13.317 5.625
800 13.333 5.769
801 13.350 5.934
802 13.367 5.687
803 13.383 5.521
804 13.400 5.220
805 13.417 5.537
806 13.433 5.188
807 13.450 4.677
808 13.467 4.548
809 13.483 4.614
810 13.500 4.725
811 13.517 4.607
812 13.533 4.573
813 13.550 4.547
814 13.567 4.063
815 13.583 4.361
816 13.600 3.881
817 13.617 4.274
818 13.633 3.600
819 13.650 3.542
820 13.667 3.496
821 13.683 3.549
822 13.700 3.771
823 13.717 6.530
824 13.733 6.684
825 13.750 6.549
826 13.767 6.882
827 13.783 6.651
828 13.800 7.004
829 13.817 7.201
830 13.833 7.153
831 13.850 7.170
832 13.867 6.796
833 13.883 6.311
834 13.900 6.278
835 13.917 6.486
836 13.933 6.318
837 13.950 6.414
838 13.967 5.948
839 13.983 5.559
840 14.000 5.118
841 14.017 4.932
842 14.033 4.772
843 14.050 4.465
844 14.067 3.961
845 14.083 3.824
846 14.100 3.367
847 14.117 2.595
848 14.133 1.790
849 14.150 1.236
850 14.167 1.165
851 14.183 0.749
852 14.200 0.595
853 14.217 0.307
854 14.233 0.141
855 14.250 0.350
856 14.267 0.509
857 14.283 0.874
858 14.300 0.227
859 14.317 0.440
860 14.333 0.585
861 14.350 0.647
862 14.367 0.569
863 14.383 0.218
864 14.400 0.547
865 14.417 0.582
866 14.433 0.367
867 14.450 0.389
868 14.467 1.043
869 14.483 0.540
870 14.500 0.738
871 14.517 0.601
872 14.533 0.340
873 14.550 0.336
874 14.567 0.357
875 14.583 0.548
876 14.600 0.405
877 14.617 0.340
878 14.633 0.350
879 14.650 0.352
880 14.667 0.339
881 14.683 0.327
882 14.700 0.309
883 14.717 0.283
884 14.733 0.280
885 14.750 0.295
886 14.767 0.298
887 14.783 0.227
888 14.800 0.253
889 14.817 0.261
890 14.833 0.235
891 14.850 0.244
892 14.867 0.270
893 14.883 0.239
894 14.900 0.211
895 14.917 0.202
896 14.933 0.168
897 14.950 0.205
898 14.967 0.204
899 14.983 0.158
900 15.000 0.167
901 15.017 0.096
902 15.033 0.080
903 15.050 0.052
904 15.067 0.047
905 15.083 0.046
906 15.100 0.033
907 15.117 0.026
908 15.133 0.023
909 15.150 0.024
910 15.167 0.023
911 15.183 0.034
912 15.200 0.069
913 15.217 0.081
914 15.233 0.098
915 15.250 0.111
916 15.267 0.112
917 15.283 0.084
918 15.300 0.097
919 15.317 0.128
920 15.333 0.115
921 15.350 0.132
922 15.367 0.144
923 15.383 0.126
924 15.400 0.093
925 15.417 0.090
926 15.433 0.021
927 15.450 0.029
928 15.467 0.066
929 15.483 0.224
930 15.500 0.635
931 15.517 0.531
932 15.533 0.585
933 15.550 0.717
934 15.567 0.700
935 15.583 0.715
936 15.600 0.593
937 15.617 3.536
938 15.633 4.567
939 15.650 4.391
940 15.667 4.434
941 15.683 4.533
942 15.700 4.591
943 15.717 4.929
944 15.733 5.168
945 15.750 5.440
946 15.767 5.817
947 15.783 6.094
948 15.800 6.158
949 15.817 6.126
950 15.833 6.276
951 15.850 6.469
952 15.867 6.339
953 15.883 6.199
954 15.900 6.245
955 15.917 5.991
956 15.933 5.922
957 15.950 5.731
958 15.967 5.227
959 15.983 5.193
960 16.000 5.285
961 16.017 4.663
962 16.033 4.792
963 16.050 4.601
964 16.067 4.317
965 16.083 4.320
966 16.100 3.886
967 16.117 3.471
968 16.133 3.435
969 16.150 2.739
970 16.167 2.404
971 16.183 2.044
972 16.200 2.906
973 16.217 1.801
974 16.233 1.713
975 16.250 1.430
976 16.267 0.897
977 16.283 0.996
978 16.300 0.580
979 16.317 0.799
980 16.333 0.651
981 16.350 0.616
982 16.367 0.718
983 16.383 0.558
984 16.400 0.843
985 16.417 0.901
986 16.433 0.950
987 16.450 0.867
988 16.467 0.841
989 16.483 0.553
990 16.500 0.396
991 16.517 0.341
992 16.533 0.331
993 16.550 0.442
994 16.567 0.588
995 16.583 0.621
996 16.600 0.524
997 16.617 0.492
998 16.633 0.288
999 16.650 0.289
1000 16.667 0.283
1001 16.683 0.300
1002 16.700 0.374
1003 16.717 0.822
1004 16.733 0.791
1005 16.750 0.859
1006 16.767 0.791
1007 16.783 0.740
1008 16.800 0.634
1009 16.817 0.676
1010 16.833 0.727
1011 16.850 0.698
1012 16.867 0.764
1013 16.883 0.657
1014 16.900 0.466
1015 16.917 0.423
1016 16.933 0.415
1017 16.950 0.483
1018 16.967 0.364
1019 16.983 0.432
1020 17.000 0.043
1021 17.017 0.301
1022 17.033 0.343
1023 17.050 0.365
1024 17.067 0.073
1025 17.083 0.084
1026 17.100 0.085
1027 17.117 0.039
1028 17.133 0.041
1029 17.150 0.037
1030 17.167 0.028
1031 17.183 0.019
1032 17.200 0.251
1033 17.217 0.574
1034 17.233 0.473
1035 17.250 0.471
1036 17.267 0.398
1037 17.283 0.304
1038 17.300 0.346
1039 17.317 0.463
1040 17.333 0.431
1041 17.350 0.221
1042 17.367 0.117
1043 17.383 0.218
1044 17.400 0.269
1045 17.417 0.267
1046 17.433 0.274
1047 17.450 0.298
1048 17.467 0.294
1049 17.483 0.295
1050 17.500 0.283
1051 17.517 0.286
1052 17.533 0.294
1053 17.550 0.293
1054 17.567 0.284
1055 17.583 0.275
1056 17.600 0.269
1057 17.617 0.264
1058 17.633 0.261
1059 17.650 0.262
1060 17.667 0.256
1061 17.683 0.265
1062 17.700 0.334
1063 17.717 0.762
1064 17.733 0.745
1065 17.750 0.822
1066 17.767 0.728
1067 17.783 0.733
1068 17.800 0.609
1069 17.817 0.669
1070 17.833 0.658
1071 17.850 0.604
1072 17.867 0.567
1073 17.883 0.539
1074 17.900 0.385
1075 17.917 0.370
1076 17.933 0.393
1077 17.950 0.417
1078 17.967 0.451
1079 17.983 0.378
1080 18.000 0.112
1081 18.017 0.298
1082 18.033 0.361
1083 18.050 0.336
1084 18.067 0.060
1085 18.083 0.073
1086 18.100 0.071
1087 18.117 0.025
1088 18.133 0.027
1089 18.150 0.030
1090 18.167 0.024
1091 18.183 0.021
1092 18.200 0.217
1093 18.217 0.348
1094 18.233 0.237
1095 18.250 0.224
1096 18.267 0.194
1097 18.283 0.178
1098 18.300 0.230
1099 18.317 0.330
1100 18.333 0.350
1101 18.350 0.182
1102 18.367 0.104
1103 18.383 0.277
1104 18.400 0.331
1105 18.417 0.426
1106 18.433 0.445
1107 18.450 0.497
1108 18.467 0.525
1109 18.483 0.507
1110 18.500 0.523
1111 18.517 0.487
1112 18.533 0.529
1113 18.550 0.502
1114 18.567 0.483
1115 18.583 0.478
1116 18.600 0.452
1117 18.617 0.422
1118 18.633 0.403
1119 18.650 0.411
1120 18.667 0.411
1121 18.683 0.365
1122 18.700 0.600
1123 18.717 0.585
1124 18.733 0.562
1125 18.750 0.588
1126 18.767 0.494
1127 18.783 0.471
1128 18.800 0.429
1129 18.817 0.602
1130 18.833 0.500
1131 18.850 0.280
1132 18.867 0.204
1133 18.883 0.374
1134 18.900 0.312
1135 18.917 0.408
1136 18.933 0.459
1137 18.950 0.546
1138 18.967 0.513
1139 18.983 0.599
1140 19.000 0.519
1141 19.017 0.464
1142 19.033 0.486
1143 19.050 0.447
1144 19.067 0.425
1145 19.083 0.466
1146 19.100 0.451
1147 19.117 0.371
1148 19.133 0.353
1149 19.150 0.341
1150 19.167 0.447
1151 19.183 0.530
1152 19.200 0.627
1153 19.217 0.841
1154 19.233 0.845
1155 19.250 0.927
1156 19.267 1.210
1157 19.283 1.368
1158 19.300 1.636
1159 19.317 2.216
1160 19.333 2.242
1161 19.350 2.275
1162 19.367 2.301
1163 19.383 2.279
1164 19.400 1.795
1165 19.417 1.486
1166 19.433 1.264
1167 19.450 1.437
1168 19.467 1.515
1169 19.483 1.654
1170 19.500 1.662
1171 19.517 1.612
1172 19.533 1.491
1173 19.550 1.427
1174 19.567 1.429
1175 19.583 1.316
1176 19.600 1.380
1177 19.617 1.274
1178 19.633 1.208
1179 19.650 1.186
1180 19.667 1.105
1181 19.683 0.874
1182 19.700 0.514
1183 19.717 0.457
1184 19.733 0.214
1185 19.750 0.108
1186 19.767 0.118
1187 19.783 0.097
1188 19.800 0.169
1189 19.817 0.131
1190 19.833 0.154
1191 19.850 0.221
1192 19.867 0.178
1193 19.883 0.104
1194 19.900 0.225
1195 19.917 0.118
1196 19.933 0.049
1197 19.950 0.078
1198 19.967 0.076
1199 19.983 0.076
1200 20.000 0.091
1201 20.017 2.285
1202 20.033 3.139
1203 20.050 3.159
1204 20.067 4.951
1205 20.083 6.480
1206 20.100 7.694
1207 20.117 7.428
1208 20.133 6.212
1209 20.150 6.491
1210 20.167 6.612
1211 20.183 6.710
1212 20.200 6.973
1213 20.217 7.040
1214 20.233 7.555
1215 20.250 7.217
1216 20.267 8.265
1217 20.283 7.657
1218 20.300 7.890
1219 20.317 8.224
1220 20.333 8.506
1221 20.350 8.516
1222 20.367 8.356
1223 20.383 8.335
1224 20.400 8.196
1225 20.417 8.198
1226 20.433 8.032
1227 20.450 8.075
1228 20.467 7.842
1229 20.483 7.388
1230 20.500 7.109
1231 20.517 6.932
1232 20.533 6.580
1233 20.550 6.343
1234 20.567 5.623
1235 20.583 5.239
1236 20.600 4.609
1237 20.617 4.219
1238 20.633 4.006
1239 20.650 3.058
1240 20.667 2.806
1241 20.683 1.941
1242 20.700 2.442
1243 20.717 1.914
1244 20.733 0.615
1245 20.750 0.396
1246 20.767 0.492
1247 20.783 0.392
1248 20.800 0.133
1249 20.817 0.379
1250 20.833 0.287
1251 20.850 0.612
1252 20.867 0.545
1253 20.883 0.651
1254 20.900 1.121
1255 20.917 0.636
1256 20.933 0.696
1257 20.950 0.338
1258 20.967 0.343
1259 20.983 0.486
1260 21.000 0.862
1261 21.017 0.228
1262 21.033 0.133
1263 21.050 0.251
1264 21.067 0.701
1265 21.083 0.959
1266 21.100 0.096
1267 21.117 0.165
1268 21.133 0.203
1269 21.150 0.206
1270 21.167 0.002
1271 21.183 0.474
1272 21.200 0.090
1273 21.217 4.051
1274 21.233 1.784
1275 21.250 8.005
1276 21.267 0.003
1277 21.283 0.015
1278 21.300 0.026
1279 21.317 0.036
1280 21.333 0.048
1281 21.350 0.058
1282 21.367 0.062
1283 21.383 0.051
1284 21.400 0.052
1285 21.417 0.076
1286 21.433 0.073
1287 21.450 0.090
1288 21.467 0.094
1289 21.483 0.105
1290 21.500 0.107
1291 21.517 0.104
1292 21.533 0.097
1293 21.550 0.080
1294 21.567 0.053
1295 21.583 0.039
1296 21.600 0.025
1297 21.617 0.009
1298 21.633 0.002
1299 21.650 0.005
1300 21.667 0.003
1301 21.683 0.008
1302 21.700 0.011
1303 21.717 0.005
1304 21.733 0.004
1305 21.750 0.004
1306 21.767 0.008
1307 21.783 0.008
1308 21.800 0.002
1309 21.817 0.003
1310 21.833 0.002
1311 21.850 0.001
1312 21.867 0.000
1313 21.883 0.001
1314 21.900 0.000
1315 21.917 0.003
1316 21.933 0.009
1317 21.950 0.002
1318 21.967 0.008
1319 21.983 0.011
1320 22.000 0.009
1321 22.017 0.008
1322 22.033 0.005
1323 22.050 0.000
1324 22.067 0.007
1325 22.083 7.330
1326 22.100 0.008
1327 22.117 0.001
1328 22.133 0.150
1329 22.150 0.020
1330 22.167 0.007
1331 22.183 0.008
1332 22.200 0.019
1333 22.217 0.009
1334 22.233 0.004
1335 22.250 0.001
1336 22.267 2.025
1337 22.283 6.752
1338 22.300 0.000
1339 22.317 0.000
1340 22.333 6.752
1341 22.350 7.234
1342 22.367 0.001
1343 22.383 0.008
1344 22.400 0.014
1345 22.417 0.019
1346 22.433 0.026
1347 22.450 0.031
1348 22.467 0.035
1349 22.483 0.031
1350 22.500 0.032
1351 22.517 0.051
1352 22.533 0.053
1353 22.550 0.064
1354 22.567 0.066
1355 22.583 0.071
1356 22.600 0.072
1357 22.617 0.070
1358 22.633 0.062
1359 22.650 0.050
1360 22.667 0.033
1361 22.683 0.024
1362 22.700 0.014
1363 22.717 0.005
1364 22.733 0.002
1365 22.750 0.003
1366 22.767 0.004
1367 22.783 0.006
1368 22.800 0.008
1369 22.817 0.003
1370 22.833 0.003
1371 22.850 0.003
1372 22.867 0.007
1373 22.883 0.006
1374 22.900 0.002
1375 22.917 0.002
1376 22.933 0.001
1377 22.950 0.001
1378 22.967 0.000
1379 22.983 1.032
1380 23.000 1.940
1381 23.017 3.939
1382 23.033 4.900
1383 23.050 5.298
1384 23.067 7.399
1385 23.083 5.346
1386 23.100 5.163
1387 23.117 6.683
1388 23.133 5.283
1389 23.150 6.210
1390 23.167 6.501
1391 23.183 6.316
1392 23.200 6.085
1393 23.217 6.706
1394 23.233 6.803
1395 23.250 6.469
1396 23.267 6.440
1397 23.283 6.481
1398 23.300 6.924
1399 23.317 6.480
1400 23.333 6.680
1401 23.350 6.596
1402 23.367 5.892
1403 23.383 6.133
1404 23.400 5.876
1405 23.417 4.989
1406 23.433 4.596
1407 23.450 3.607
1408 23.467 3.171
1409 23.483 2.717
1410 23.500 2.213
1411 23.517 1.964
1412 23.533 1.766
1413 23.550 1.570
1414 23.567 1.437
1415 23.583 1.314
1416 23.600 1.200
1417 23.617 0.976
1418 23.633 0.816
1419 23.650 0.821
1420 23.667 0.694
1421 23.683 0.663
1422 23.700 0.763
1423 23.717 0.624
1424 23.733 0.577
1425 23.750 0.501
1426 23.767 0.346
1427 23.783 0.270
1428 23.800 0.178
1429 23.817 0.174
1430 23.833 0.132
1431 23.850 0.152
1432 23.867 0.160
1433 23.883 0.194
1434 23.900 0.181
1435 23.917 0.193
1436 23.933 0.213
1437 23.950 0.191
1438 23.967 0.157
1439 23.983 0.140
1440 24.000 0.123
1441 24.017 0.091
1442 24.033 0.075
1443 24.050 0.090
1444 24.067 0.142
1445 24.083 0.198
1446 24.100 0.218
1447 24.117 0.249
1448 24.133 0.286
1449 24.150 0.270
1450 24.167 0.236
1451 24.183 0.215
1452 24.200 0.187
1453 24.217 0.134
1454 24.233 0.103
1455 24.250 0.103
1456 24.267 0.101
1457 24.283 0.107
1458 24.300 0.115
1459 24.317 0.115
1460 24.333 0.110
1461 24.350 0.107
1462 24.367 0.105
1463 24.383 0.104
1464 24.400 0.105
1465 24.417 0.105
1466 24.433 0.108
1467 24.450 0.116
1468 24.467 0.120
1469 24.483 0.120
1470 24.500 0.127
1471 24.517 0.130
1472 24.533 0.125
1473 24.550 0.120
1474 24.567 0.110
1475 24.583 0.102
1476 24.600 0.100
1477 24.617 0.093
1478 24.633 0.089
1479 24.650 0.091
1480 24.667 0.092
1481 24.683 0.089
1482 24.700 0.091
1483 24.717 0.090
1484 24.733 0.091
1485 24.750 0.097
1486 24.767 0.101
1487 24.783 0.106
1488 24.800 0.114
1489 24.817 0.119
1490 24.833 0.121
1491 24.850 0.122
1492 24.867 0.118
1493 24.883 0.117
1494 24.900 0.115
1495 24.917 0.099
1496 24.933 0.083
1497 24.950 0.074
1498 24.967 0.077
1499 24.983 0.074
1500 25.000 0.080
1501 25.017 0.082
1502 25.033 0.099
1503 25.050 0.099
1504 25.067 0.092
1505 25.083 0.094
1506 25.100 0.137
1507 25.117 0.142
1508 25.133 0.105
1509 25.150 0.125
1510 25.167 0.163
1511 25.183 0.220
1512 25.200 0.273
1513 25.217 0.273
1514 25.233 0.269
1515 25.250 0.280
1516 25.267 0.279
1517 25.283 0.279
1518 25.300 0.287
1519 25.317 0.287
1520 25.333 0.280
1521 25.350 0.272
1522 25.367 0.256
1523 25.383 0.256
1524 25.400 0.236
1525 25.417 0.225
1526 25.433 0.214
1527 25.450 0.202
1528 25.467 0.180
1529 25.483 0.144
1530 25.500 0.094
1531 25.517 0.058
1532 25.533 0.025
1533 25.550 0.002
1534 25.567 0.001
1535 25.583 0.001
1536 25.600 0.000
1537 25.617 0.001
1538 25.633 0.002
1539 25.650 0.009
1540 25.667 0.015
1541 25.683 0.025
1542 25.700 0.030
1543 25.717 0.035
1544 25.733 0.035
1545 25.750 0.028
1546 25.767 0.019
1547 25.783 0.015
1548 25.800 0.012
1549 25.817 0.005
1550 25.833 0.028
1551 25.850 0.010
1552 25.867 0.037
1553 25.883 0.000
1554 25.900 0.037
1555 25.917 0.000
1556 25.933 0.036
1557 25.950 0.001
1558 25.967 0.043
1559 25.983 4.196
1560 26.000 0.041
1561 26.017 0.011
1562 26.033 0.032
1563 26.050 0.021
1564 26.067 0.020
1565 26.083 0.000
1566 26.100 0.001
1567 26.117 0.011
1568 26.133 0.011
1569 26.150 0.014
1570 26.167 0.025
1571 26.183 0.054
1572 26.200 0.093
1573 26.217 0.117
1574 26.233 0.125
1575 26.250 0.146
1576 26.267 0.144
1577 26.283 0.132
1578 26.300 0.244
1579 26.317 0.122
1580 26.333 0.098
1581 26.350 0.122
1582 26.367 0.081
1583 26.383 0.096
1584 26.400 0.104
1585 26.417 0.107
1586 26.433 0.107
1587 26.450 0.105
1588 26.467 0.100
1589 26.483 0.095
1590 26.500 0.090
1591 26.517 0.102
1592 26.533 0.109
1593 26.550 0.134
1594 26.567 0.162
1595 26.583 0.205
1596 26.600 0.224
1597 26.617 0.254
1598 26.633 0.278
1599 26.650 0.290
1600 26.667 0.259
1601 26.683 0.280
1602 26.700 0.297
1603 26.717 0.277
1604 26.733 0.278
1605 26.750 0.268
1606 26.767 0.274
1607 26.783 0.311
1608 26.800 0.275
1609 26.817 0.274
1610 26.833 0.235
1611 26.850 0.296
1612 26.867 0.221
1613 26.883 0.209
1614 26.900 0.174
1615 26.917 0.204
1616 26.933 0.111
1617 26.950 0.068
1618 26.967 0.068
1619 26.983 0.066
1620 27.000 0.064
1621 27.017 4.795
1622 27.033 5.009
1623 27.050 5.119
1624 27.067 5.320
1625 27.083 5.661
1626 27.100 5.634
1627 27.117 6.017
1628 27.133 6.327
1629 27.150 6.325
1630 27.167 6.096
1631 27.183 5.776
1632 27.200 5.603
1633 27.217 5.339
1634 27.233 4.876
1635 27.250 4.744
1636 27.267 4.783
1637 27.283 5.002
1638 27.300 4.972
1639 27.317 4.912
1640 27.333 4.842
1641 27.350 4.849
1642 27.367 4.862
1643 27.383 4.674
1644 27.400 4.812
1645 27.417 4.718
1646 27.433 4.624
1647 27.450 4.569
1648 27.467 4.516
1649 27.483 4.188
1650 27.500 4.677
1651 27.517 3.800
1652 27.533 4.524
1653 27.550 3.983
1654 27.567 4.205
1655 27.583 4.118
1656 27.600 3.729
1657 27.617 3.670
1658 27.633 3.646
1659 27.650 2.767
1660 27.667 2.407
1661 27.683 2.287
1662 27.700 1.865
1663 27.717 0.927
1664 27.733 0.891
1665 27.750 0.532
1666 27.767 0.330
1667 27.783 1.211
1668 27.800 0.968
1669 27.817 0.723
1670 27.833 0.633
1671 27.850 0.550
1672 27.867 1.314
1673 27.883 0.795
1674 27.900 0.657
1675 27.917 1.030
1676 27.933 0.727
1677 27.950 0.705
1678 27.967 0.788
1679 27.983 0.814
1680 28.000 0.694
1681 28.017 0.677
1682 28.033 0.509
1683 28.050 0.799
1684 28.067 0.289
1685 28.083 0.307
1686 28.100 0.641
1687 28.117 0.537
1688 28.133 0.276
1689 28.150 0.567
1690 28.167 0.316
1691 28.183 0.348
1692 28.200 0.959
1693 28.217 0.445
1694 28.233 0.543
1695 28.250 0.448
1696 28.267 0.383
1697 28.283 0.424
1698 28.300 0.386
1699 28.317 0.336
1700 28.333 0.336
1701 28.350 0.323
1702 28.367 0.318
1703 28.383 0.317
1704 28.400 0.320
1705 28.417 0.323
1706 28.433 0.315
1707 28.450 0.295
1708 28.467 0.315
1709 28.483 0.301
1710 28.500 0.306
1711 28.517 0.292
1712 28.533 0.280
1713 28.550 0.273
1714 28.567 0.252
1715 28.583 0.239
1716 28.600 0.221
1717 28.617 0.203
1718 28.633 0.191
1719 28.650 0.165
1720 28.667 0.150
1721 28.683 0.125
1722 28.700 0.110
1723 28.717 0.106
1724 28.733 0.086
1725 28.750 0.067
1726 28.767 0.063
1727 28.783 0.036
1728 28.800 0.032
1729 28.817 0.032
1730 28.833 0.018
1731 28.850 0.006
1732 28.867 0.013
1733 28.883 0.006
1734 28.900 0.009
1735 28.917 0.000
1736 28.933 0.000
1737 28.950 0.000
1738 28.967 0.000
1739 28.983 0.000
1740 29.000 2.990
1741 29.017 3.086
1742 29.033 0.000
1743 29.050 0.000
1744 29.067 0.000
1745 29.083 0.012
1746 29.100 0.036
1747 29.117 0.218
1748 29.133 0.373
1749 29.150 0.430
1750 29.167 0.457
1751 29.183 0.502
1752 29.200 0.468
1753 29.217 0.408
1754 29.233 0.338
1755 29.250 0.240
1756 29.267 0.160
1757 29.283 0.123
1758 29.300 0.161
1759 29.317 0.000
1760 29.333 0.001
1761 29.350 2.749
1762 29.367 2.267
1763 29.383 0.000
1764 29.400 0.000
1765 29.417 2.411
1766 29.433 2.411
1767 29.450 0.000
1768 29.467 0.000
1769 29.483 2.411
1770 29.500 2.411
1771 29.517 0.000
1772 29.533 0.000
1773 29.550 2.942
1774 29.567 2.556
1775 29.583 0.000
1776 29.600 0.000
1777 29.617 2.411
1778 29.633 2.411
1779 29.650 0.000
1780 29.667 0.000
1781 29.683 2.411
1782 29.700 2.411
1783 29.717 0.000
1784 29.733 0.000
1785 29.750 2.411
1786 29.767 2.411
1787 29.783 0.000
1788 29.800 0.000
1789 29.817 2.411
1790 29.833 2.411
1791 29.850 0.000
1792 29.867 0.000
1793 29.883 2.411
1794 29.900 2.411
1795 29.917 0.000
1796 29.933 0.000
1797 29.950 2.411
1798 29.967 2.411
1799 29.983 0.000